4.998999999999999666e+00 1.104436689750216658e+02 2.361808521179093179e-01
4.748999999999999666e+00 1.099683246065174984e+02 5.955935100322021225e-02
4.498999999999999666e+00 1.100210951748476447e+02 1.319706465196928580e+00
4.248999999999999666e+00 1.086716363649266128e+02 6.699658162001487227e-02
3.999000000000000110e+00 1.078735027965215494e+02 3.283903889026505429e-01
3.749000000000000110e+00 1.072366771300238213e+02 9.075313351498638659e-02
3.499000000000000110e+00 1.065035918648141973e+02 1.088376269507059929e-01
3.249000000000000110e+00 1.057877223538775553e+02 9.148543472875898808e-02
2.999000000000000110e+00 1.052582288647392801e+02 1.156586078771364851e-01
2.749000000000000110e+00 1.043280665621256276e+02 1.062853356452811704e-01
2.499000000000000110e+00 1.038687241752910637e+02 8.924104533069111833e-02
2.249000000000000110e+00 1.028213461184044206e+02 5.766871439187516019e-02
1.999000000000000110e+00 1.019901186684041505e+02 1.266809759722566445e-02
1.749000000000000110e+00 1.013273826724538367e+02 4.978516224919495858e-01
1.499000000000000110e+00 1.000051965898055357e+02 1.861135744364627101e-02
1.249000000000000110e+00 9.899930973926025501e+01 1.030229873668565832e-02
9.989999999999999991e-01 9.775857027538826571e+01 8.517827594748575426e-02
8.990000000000000213e-01 9.717225219605695941e+01 1.612401783502601105e-02
7.990000000000000435e-01 9.661677384920024281e+01 7.813272231855339367e-02
6.989999999999999547e-01 9.595745601757764121e+01 5.866990339360911993e-02
5.989999999999999769e-01 9.505999104699044722e+01 2.520069358434481183e-02
4.989999999999999991e-01 9.425687831816694029e+01 2.432698290810007824e-02
3.990000000000000213e-01 9.323194245335136543e+01 4.450017339608620254e-02
2.989999999999999880e-01 9.174772989792393219e+01 2.594327470894228910e-02
1.990000000000000102e-01 8.910285348319504806e+01 1.102493683428288629e-01
9.900000000000000466e-02 8.262193545340548440e+01 2.588632648005945169e-02
8.899999000000000104e-02 8.148014036949351180e+01 2.628137230616794592e-02
6.900000000000000577e-02 7.733345890500861231e+01 3.005776566757493717e-01
4.900000000000000189e-02 7.146738181378935906e+01 2.421369333663611900e-01
2.900000000000000147e-02 5.797281822269397367e+01 1.198753282140203325e-01
8.999999999999999320e-03 2.368525735639422081e+01 4.182095615556106344e-02
5.000000000000000104e-03 1.295667656782586974e+01 8.600245231607631102e-02
1.000000000000000021e-03 1.522029393327372970e+00 4.033128560812484532e-03
-3.000000000000000062e-03 -9.952716864648950335e+00 6.425783998018332055e-02
-7.000000000000000146e-03 -2.097456493089874741e+01 1.073319791924696592e-01
-1.099999999999999936e-02 -3.088641052006159526e+01 2.536135744364627354e-02
-3.099999999999999978e-02 -6.092516534226920299e+01 7.194446371067625412e-02
-5.099999999999999672e-02 -7.259986269605967379e+01 1.823196185286103943e-01
-7.099999999999999367e-02 -7.835053230647633882e+01 1.181804062422591034e-01
-9.099999000000000282e-02 -8.193105077864019847e+01 3.790931384691602624e-01
-1.010000000000000064e-01 -8.308659369510110082e+01 3.016841714144166686e-02
-2.010000000000000120e-01 -8.923739034763033828e+01 5.100500371563041618e-02
-3.009999999999999898e-01 -9.173569752777908093e+01 4.354877384196186637e-04
-4.010000000000000231e-01 -9.373293956054115483e+01 2.602216992816447708e-02
-5.010000000000000009e-01 -9.502901736243872222e+01 1.003264800594500850e+00
-6.009999999999999787e-01 -9.527528094585723295e+01 9.987854842704980973e-02
-7.009999999999999565e-01 -9.602818312229034348e+01 1.470750061927173780e-01
-8.010000000000000453e-01 -9.644003996803236589e+01 1.222206836759970466e-01
-9.010000000000000231e-01 -9.727379426237480686e+01 1.181079019073569686e-01
-1.000999999999999890e+00 -9.773932958223126377e+01 6.175907852365618289e-02
-1.250999999999999890e+00 -9.884370540973962704e+01 1.012179341094872481e-01
-1.500999999999999890e+00 -1.001260599343002582e+02 6.661597721080010637e-02
-1.750999999999999890e+00 -1.012224595418432926e+02 4.052244240772851641e-02
-2.000999999999999890e+00 -1.019612421070281556e+02 4.295050780282388264e-02
-2.250999999999999890e+00 -1.029098587073876416e+02 6.527589794401783552e-02
-2.500999999999999890e+00 -1.034399962391318155e+02 1.131836759970274997e-01
-2.750999999999999890e+00 -1.043444959209874696e+02 3.525038394847659212e-02
-3.000999999999999890e+00 -1.049779527492389661e+02 1.076571711667079767e-01
-3.250999999999999890e+00 -1.056430667486571480e+02 1.406148129799356106e-01
-3.500999999999999890e+00 -1.065345121823086743e+02 1.126503096358682371e-01
-3.750999999999999890e+00 -1.069794626939884665e+02 1.118085459499628398e-01
-4.001000000000000334e+00 -1.075905266562503471e+02 1.553499380728263490e-01
-4.251000000000000334e+00 -1.082580929717448441e+02 1.188239286598959665e-01
-4.501000000000000334e+00 -1.087679679322727679e+02 8.861037899430271314e-02
-4.751000000000000334e+00 -1.095011770518296856e+02 2.518659895962348516e-01
-5.001000000000000334e+00 -1.100318843135713678e+02 1.424109487243002403e-01
-5.001000000000000334e+00 -1.100178392305889616e+02 6.373983155808769785e-02
