1.618630000000000069e-01 1.651960000000000095e-01 7.059290000000000183e-03
1.662710000000000021e-01 1.563610000000000000e-01 6.144000000000000156e-03
1.709549999999999959e-01 1.505640000000000034e-01 5.342849999999999683e-03
1.755850000000000188e-01 1.268809999999999938e-01 4.873370000000000132e-03
1.797690000000000121e-01 1.160609999999999975e-01 4.741000000000000422e-03
1.841510000000000091e-01 1.012360000000000065e-01 4.143939999999999603e-03
1.882860000000000089e-01 8.288719999999999422e-02 3.844610000000000041e-03
1.922599999999999865e-01 6.760109999999999730e-02 3.368819999999999801e-03
1.968429999999999902e-01 5.570560000000000095e-02 3.021849999999999970e-03
2.015180000000000027e-01 4.324290000000000078e-02 2.505369999999999819e-03
2.058559999999999834e-01 3.296869999999999662e-02 2.402689999999999861e-03
2.102269999999999972e-01 2.125710000000000099e-02 2.163949999999999988e-03
2.142540000000000000e-01 1.266890000000000030e-02 1.866159999999999954e-03
2.182929999999999870e-01 8.637789999999999357e-03 1.623139999999999913e-03
2.230100000000000138e-01 3.292649999999999830e-03 1.446859999999999900e-03
2.275989999999999958e-01 -1.298729999999999893e-03 1.310079999999999925e-03
2.319219999999999893e-01 -7.799839999999999725e-03 1.284999999999999901e-03
2.362569999999999948e-01 -1.000129999999999943e-02 1.326270000000000053e-03
2.404359999999999831e-01 -1.090960000000000020e-02 1.225179999999999976e-03
2.445169999999999844e-01 -1.086960000000000010e-02 1.260470000000000080e-03
2.489639999999999909e-01 -1.369560000000000048e-02 1.177110000000000092e-03
2.536280000000000201e-01 -1.456000000000000003e-02 1.171610000000000013e-03
2.580649999999999888e-01 -1.467700000000000081e-02 1.119200000000000099e-03
2.623449999999999949e-01 -1.429279999999999960e-02 1.155889999999999912e-03
2.666310000000000069e-01 -1.465999999999999942e-02 1.087700000000000038e-03
2.706340000000000412e-01 -1.541479999999999934e-02 1.100639999999999952e-03
2.749429999999999930e-01 -1.423869999999999997e-02 1.032469999999999959e-03
2.796219999999999817e-01 -1.527230000000000081e-02 1.007190000000000038e-03
2.842069999999999874e-01 -1.403040000000000016e-02 1.038819999999999978e-03
2.884410000000000029e-01 -1.459599999999999960e-02 1.057310000000000107e-03
2.927049999999999930e-01 -1.486389999999999934e-02 1.005669999999999958e-03
2.967250000000000165e-01 -1.258570000000000001e-02 9.724659999999999554e-04
3.009919999999999818e-01 -1.037509999999999995e-02 9.218880000000000477e-04
3.056460000000000288e-01 -8.983160000000000450e-03 8.476589999999999559e-04
3.102169999999999650e-01 -8.057019999999999807e-03 8.156349999999999928e-04
3.146410000000000040e-01 -6.316379999999999911e-03 8.261100000000000170e-04
3.188350000000000350e-01 -5.345899999999999784e-03 8.204339999999999853e-04
3.228869999999999796e-01 -3.276509999999999839e-03 7.916009999999999583e-04
3.269489999999999896e-01 -2.516529999999999895e-03 7.743309999999999560e-04
3.316330000000000111e-01 -8.856979999999999758e-04 7.318609999999999916e-04
3.363549999999999596e-01 5.133860000000000073e-04 7.110859999999999881e-04
3.408139999999999503e-01 2.896880000000000115e-03 7.668869999999999507e-04
3.449789999999999801e-01 5.379990000000000293e-03 7.318360000000000316e-04
3.490119999999999889e-01 5.608740000000000080e-03 7.111399999999999709e-04
3.530849999999999822e-01 6.092489999999999885e-03 7.005520000000000106e-04
3.576380000000000114e-01 7.955910000000000065e-03 7.223649999999999863e-04
3.622469999999999857e-01 8.734719999999999637e-03 6.621770000000000130e-04
3.667569999999999997e-01 8.486230000000000856e-03 7.457520000000000251e-04
3.711690000000000267e-01 9.540109999999999216e-03 7.396020000000000112e-04
3.753119999999999790e-01 1.027379999999999960e-02 7.542649999999999485e-04
3.792530000000000068e-01 1.084420000000000002e-02 7.635720000000000137e-04
3.836359999999999770e-01 1.164890000000000023e-02 7.625789999999999912e-04
3.882079999999999975e-01 1.115610000000000039e-02 7.002150000000000171e-04
3.927660000000000040e-01 1.031980000000000050e-02 7.382429999999999722e-04
3.971569999999999823e-01 1.028729999999999922e-02 7.363989999999999946e-04
4.014190000000000258e-01 1.038850000000000016e-02 7.371069999999999749e-04
4.055079999999999796e-01 1.096920000000000013e-02 7.566139999999999628e-04
4.096700000000000341e-01 1.155680000000000075e-02 7.408029999999999476e-04
4.142390000000000239e-01 1.175310000000000070e-02 7.180280000000000039e-04
4.188390000000000168e-01 1.025739999999999985e-02 7.129690000000000376e-04
4.232500000000000151e-01 1.028109999999999961e-02 7.507360000000000031e-04
4.274979999999999891e-01 1.069490000000000024e-02 7.185269999999999461e-04
4.315689999999999804e-01 9.902299999999999297e-03 7.169550000000000228e-04
4.358650000000000024e-01 1.006429999999999998e-02 6.643610000000000314e-04
4.403640000000000332e-01 8.968540000000000539e-03 6.753110000000000536e-04
4.448880000000000057e-01 9.038179999999999825e-03 6.095960000000000094e-04
4.492669999999999719e-01 7.617149999999999616e-03 6.486709999999999698e-04
4.535500000000000087e-01 8.438040000000000818e-03 6.199219999999999644e-04
4.577169999999999850e-01 7.928120000000000306e-03 6.176330000000000275e-04
4.617979999999999863e-01 6.799590000000000321e-03 5.779080000000000241e-04
4.663590000000000235e-01 6.742889999999999648e-03 5.938399999999999929e-04
4.707540000000000058e-01 6.902140000000000185e-03 5.502270000000000294e-04
4.750660000000000438e-01 5.626719999999999985e-03 7.098360000000000390e-04
4.796000000000000263e-01 5.958599999999999661e-03 6.956010000000000101e-04
4.838089999999999891e-01 4.392459999999999941e-03 6.800089999999999737e-04
4.879539999999999988e-01 4.189410000000000182e-03 6.618750000000000284e-04
4.922370000000000356e-01 5.001290000000000249e-03 1.337290000000000093e-03
