1.618630000000000069e-01 3.020849999999999924e-02 7.050940000000000332e-03
1.662710000000000021e-01 2.375019999999999909e-02 6.120539999999999835e-03
1.709549999999999959e-01 2.984279999999999919e-02 5.333550000000000270e-03
1.755850000000000188e-01 2.663679999999999867e-02 4.754119999999999700e-03
1.797690000000000121e-01 1.937749999999999889e-02 4.731939999999999584e-03
1.841510000000000091e-01 1.098279999999999916e-02 4.132839999999999604e-03
1.882860000000000089e-01 1.453229999999999973e-02 3.848470000000000103e-03
1.922599999999999865e-01 1.123369999999999924e-02 3.368139999999999936e-03
1.968429999999999902e-01 9.619370000000000351e-03 3.019040000000000178e-03
2.015180000000000027e-01 1.084809999999999941e-02 2.506490000000000107e-03
2.058559999999999834e-01 6.156820000000000348e-03 2.477459999999999905e-03
2.102269999999999972e-01 1.839469999999999951e-03 2.122460000000000058e-03
2.142540000000000000e-01 7.412189999999999925e-04 1.899489999999999989e-03
2.182929999999999870e-01 8.800849999999999602e-04 1.619989999999999972e-03
2.230100000000000138e-01 6.520690000000000210e-04 1.442230000000000074e-03
2.275989999999999958e-01 4.566540000000000226e-04 1.306059999999999947e-03
2.319219999999999893e-01 -6.303250000000000476e-04 1.281129999999999899e-03
2.362569999999999948e-01 -1.401120000000000056e-03 1.319209999999999914e-03
2.404359999999999831e-01 -8.013080000000000333e-04 1.214510000000000025e-03
2.445169999999999844e-01 -1.991070000000000166e-03 1.262859999999999981e-03
2.489639999999999909e-01 -3.838149999999999808e-03 1.181240000000000068e-03
2.536280000000000201e-01 -4.260060000000000409e-03 1.161490000000000048e-03
2.580649999999999888e-01 -3.195130000000000019e-03 1.128529999999999985e-03
2.623449999999999949e-01 -4.147650000000000121e-03 1.129659999999999996e-03
2.666310000000000069e-01 -2.648740000000000122e-03 1.092380000000000000e-03
2.706340000000000412e-01 -1.984490000000000212e-03 1.118450000000000000e-03
2.749429999999999930e-01 -2.197310000000000062e-03 1.023430000000000086e-03
2.796219999999999817e-01 -1.826890000000000068e-03 1.003489999999999894e-03
2.842069999999999874e-01 -3.611839999999999842e-03 1.043059999999999951e-03
2.884410000000000029e-01 -4.068269999999999699e-03 1.059770000000000026e-03
2.927049999999999930e-01 -2.620920000000000107e-03 1.000449999999999950e-03
2.967250000000000165e-01 -2.935709999999999795e-03 9.714949999999999541e-04
3.009919999999999818e-01 -2.120869999999999960e-03 9.496179999999999465e-04
3.056460000000000288e-01 -1.168339999999999917e-03 8.126259999999999950e-04
3.102169999999999650e-01 -1.546899999999999924e-03 8.147710000000000499e-04
3.146410000000000040e-01 -9.260619999999999572e-04 8.413029999999999510e-04
3.188350000000000350e-01 -1.290970000000000008e-03 8.095710000000000319e-04
3.228869999999999796e-01 -1.152250000000000062e-03 7.952210000000000355e-04
3.269489999999999896e-01 2.290240000000000082e-04 7.790609999999999462e-04
3.316330000000000111e-01 2.929319999999999797e-04 7.304349999999999819e-04
3.363549999999999596e-01 7.409759999999999611e-04 7.070789999999999974e-04
3.408139999999999503e-01 5.383369999999999518e-04 7.710660000000000474e-04
3.449789999999999801e-01 1.412499999999999910e-03 7.277530000000000370e-04
3.490119999999999889e-01 1.557500000000000074e-03 7.082009999999999911e-04
3.530849999999999822e-01 2.376399999999999867e-03 7.141419999999999669e-04
3.576380000000000114e-01 2.493580000000000015e-03 7.150779999999999593e-04
3.622469999999999857e-01 2.027810000000000116e-03 6.531619999999999917e-04
3.667569999999999997e-01 2.095210000000000128e-03 7.479779999999999459e-04
3.711690000000000267e-01 1.731310000000000010e-03 7.342289999999999798e-04
3.753119999999999790e-01 1.403979999999999985e-03 7.483229999999999570e-04
3.792530000000000068e-01 1.242999999999999964e-03 7.581950000000000278e-04
3.836359999999999770e-01 1.182770000000000089e-03 7.556569999999999650e-04
3.882079999999999975e-01 2.597400000000000143e-03 7.057580000000000147e-04
3.927660000000000040e-01 1.914260000000000093e-03 7.208530000000000319e-04
3.971569999999999823e-01 2.361830000000000093e-03 7.347989999999999557e-04
4.014190000000000258e-01 2.532309999999999856e-03 7.372140000000000333e-04
4.055079999999999796e-01 3.367419999999999875e-03 7.559469999999999775e-04
4.096700000000000341e-01 1.686629999999999944e-03 7.501380000000000201e-04
4.142390000000000239e-01 6.562960000000000061e-04 7.136619999999999986e-04
4.188390000000000168e-01 1.852329999999999905e-03 7.020159999999999682e-04
4.232500000000000151e-01 2.024399999999999984e-03 7.442949999999999610e-04
4.274979999999999891e-01 1.351390000000000056e-03 7.211640000000000498e-04
4.315689999999999804e-01 1.768339999999999973e-03 7.143370000000000015e-04
4.358650000000000024e-01 1.806179999999999895e-03 6.649170000000000037e-04
4.403640000000000332e-01 3.247480000000000071e-03 6.666919999999999791e-04
4.448880000000000057e-01 2.114800000000000013e-03 6.184069999999999628e-04
4.492669999999999719e-01 8.275430000000000286e-04 6.490619999999999463e-04
4.535500000000000087e-01 2.217230000000000156e-03 6.118029999999999562e-04
4.577169999999999850e-01 2.622290000000000211e-03 6.068119999999999764e-04
4.617979999999999863e-01 1.207849999999999896e-03 5.855430000000000010e-04
4.663590000000000235e-01 6.402960000000000509e-04 5.861189999999999629e-04
4.707540000000000058e-01 1.238820000000000069e-03 5.540099999999999626e-04
4.750660000000000438e-01 8.144610000000000478e-04 6.896279999999999641e-04
4.796000000000000263e-01 1.286430000000000082e-03 6.888680000000000324e-04
4.838089999999999891e-01 7.161059999999999908e-04 6.766400000000000539e-04
4.879539999999999988e-01 2.137890000000000092e-04 6.608399999999999951e-04
4.922370000000000356e-01 5.094430000000000486e-04 1.330060000000000096e-03
