1.618630000000000069e-01 1.327029999999999876e-01 7.044179999999999713e-03
1.662710000000000021e-01 1.209230000000000027e-01 6.129810000000000293e-03
1.709549999999999959e-01 1.120789999999999981e-01 5.337510000000000171e-03
1.755850000000000188e-01 1.014339999999999964e-01 4.734219999999999921e-03
1.797690000000000121e-01 9.051109999999999711e-02 4.720770000000000001e-03
1.841510000000000091e-01 7.589690000000000325e-02 4.135459999999999657e-03
1.882860000000000089e-01 6.795149999999999801e-02 3.838709999999999952e-03
1.922599999999999865e-01 5.603609999999999841e-02 3.370950000000000162e-03
1.968429999999999902e-01 4.104479999999999934e-02 3.019819999999999883e-03
2.015180000000000027e-01 3.275340000000000196e-02 2.499050000000000056e-03
2.058559999999999834e-01 2.521260000000000168e-02 2.459659999999999798e-03
2.102269999999999972e-01 1.705589999999999884e-02 2.122869999999999792e-03
2.142540000000000000e-01 1.192209999999999971e-02 1.898979999999999982e-03
2.182929999999999870e-01 5.361160000000000231e-03 1.618050000000000000e-03
2.230100000000000138e-01 1.176439999999999951e-03 1.444959999999999908e-03
2.275989999999999958e-01 -1.805090000000000080e-03 1.302809999999999949e-03
2.319219999999999893e-01 -5.577399999999999719e-03 1.290240000000000007e-03
2.362569999999999948e-01 -7.307639999999999796e-03 1.327199999999999951e-03
2.404359999999999831e-01 -7.693270000000000317e-03 1.228850000000000081e-03
2.445169999999999844e-01 -1.059189999999999958e-02 1.264820000000000050e-03
2.489639999999999909e-01 -1.003249999999999975e-02 1.173149999999999974e-03
2.536280000000000201e-01 -9.806060000000000124e-03 1.165809999999999980e-03
2.580649999999999888e-01 -1.214520000000000009e-02 1.139470000000000066e-03
2.623449999999999949e-01 -1.152000000000000073e-02 1.135610000000000005e-03
2.666310000000000069e-01 -1.257639999999999973e-02 1.089710000000000028e-03
2.706340000000000412e-01 -1.193679999999999915e-02 1.119280000000000058e-03
2.749429999999999930e-01 -1.244370000000000025e-02 1.018669999999999949e-03
2.796219999999999817e-01 -1.115539999999999934e-02 1.000089999999999920e-03
2.842069999999999874e-01 -1.185420000000000050e-02 1.034640000000000082e-03
2.884410000000000029e-01 -1.006149999999999926e-02 1.049220000000000014e-03
2.927049999999999930e-01 -9.677750000000000588e-03 9.970190000000000302e-04
2.967250000000000165e-01 -9.261079999999999660e-03 9.756810000000000526e-04
3.009919999999999818e-01 -8.344179999999999653e-03 9.494370000000000240e-04
3.056460000000000288e-01 -7.245660000000000121e-03 8.254710000000000389e-04
3.102169999999999650e-01 -6.435200000000000295e-03 8.129349999999999814e-04
3.146410000000000040e-01 -5.725000000000000054e-03 8.392780000000000509e-04
3.188350000000000350e-01 -4.551359999999999954e-03 8.047279999999999971e-04
3.228869999999999796e-01 -2.075490000000000147e-03 7.888539999999999658e-04
3.269489999999999896e-01 -1.143729999999999920e-03 7.746759999999999671e-04
3.316330000000000111e-01 -4.468070000000000066e-05 7.387630000000000282e-04
3.363549999999999596e-01 -1.563570000000000075e-04 7.105160000000000121e-04
3.408139999999999503e-01 2.501090000000000084e-03 7.789459999999999787e-04
3.449789999999999801e-01 3.288249999999999940e-03 7.253350000000000205e-04
3.490119999999999889e-01 2.998339999999999946e-03 7.071819999999999929e-04
3.530849999999999822e-01 5.030960000000000119e-03 7.111039999999999462e-04
3.576380000000000114e-01 4.859119999999999759e-03 7.139419999999999621e-04
3.622469999999999857e-01 6.101320000000000354e-03 6.524929999999999749e-04
3.667569999999999997e-01 5.917900000000000243e-03 7.448430000000000242e-04
3.711690000000000267e-01 7.431089999999999571e-03 7.380899999999999484e-04
3.753119999999999790e-01 7.005149999999999919e-03 7.563519999999999575e-04
3.792530000000000068e-01 8.328719999999999526e-03 7.637120000000000497e-04
3.836359999999999770e-01 8.984300000000000619e-03 7.589100000000000099e-04
3.882079999999999975e-01 8.867649999999999491e-03 7.066369999999999769e-04
3.927660000000000040e-01 8.619939999999999547e-03 7.201119999999999657e-04
3.971569999999999823e-01 7.982279999999999584e-03 7.346899999999999742e-04
4.014190000000000258e-01 7.894019999999999856e-03 7.376200000000000291e-04
4.055079999999999796e-01 9.454119999999999885e-03 7.566990000000000001e-04
4.096700000000000341e-01 8.833529999999999160e-03 7.476299999999999960e-04
4.142390000000000239e-01 8.560699999999999213e-03 7.119220000000000322e-04
4.188390000000000168e-01 8.937950000000000061e-03 7.040660000000000451e-04
4.232500000000000151e-01 9.321680000000000590e-03 7.481960000000000173e-04
4.274979999999999891e-01 7.805620000000000093e-03 7.237580000000000185e-04
4.315689999999999804e-01 8.228720000000000132e-03 7.135820000000000400e-04
4.358650000000000024e-01 8.102569999999999911e-03 6.651730000000000229e-04
4.403640000000000332e-01 7.456080000000000346e-03 6.669690000000000037e-04
4.448880000000000057e-01 6.658410000000000023e-03 6.152959999999999853e-04
4.492669999999999719e-01 6.499610000000000283e-03 6.477399999999999478e-04
4.535500000000000087e-01 6.518669999999999846e-03 6.146730000000000423e-04
4.577169999999999850e-01 6.969799999999999954e-03 6.133199999999999893e-04
4.617979999999999863e-01 6.135690000000000068e-03 5.919060000000000077e-04
4.663590000000000235e-01 5.810980000000000312e-03 5.908940000000000112e-04
4.707540000000000058e-01 5.140529999999999926e-03 5.584690000000000227e-04
4.750660000000000438e-01 4.742780000000000259e-03 6.840149999999999486e-04
4.796000000000000263e-01 3.529920000000000193e-03 6.949900000000000392e-04
4.838089999999999891e-01 2.490239999999999902e-03 6.858619999999999734e-04
4.879539999999999988e-01 3.099300000000000145e-03 6.596279999999999939e-04
4.922370000000000356e-01 2.871149999999999831e-03 1.317910000000000045e-03
