1.618630000000000069e-01 1.808950000000000002e-01 7.062889999999999620e-03
1.662710000000000021e-01 1.665909999999999891e-01 5.793330000000000181e-03
1.709549999999999959e-01 1.547610000000000097e-01 5.071660000000000404e-03
1.755850000000000188e-01 1.430250000000000132e-01 5.232060000000000183e-03
1.797690000000000121e-01 1.204230000000000023e-01 4.510609999999999967e-03
1.841510000000000091e-01 1.088829999999999937e-01 4.115289999999999747e-03
1.882860000000000089e-01 9.603870000000000462e-02 3.931310000000000360e-03
1.922599999999999865e-01 7.619370000000000309e-02 3.567359999999999889e-03
1.968429999999999902e-01 5.825219999999999704e-02 2.766600000000000135e-03
2.015180000000000027e-01 4.244760000000000200e-02 2.662929999999999985e-03
2.058559999999999834e-01 3.155800000000000272e-02 2.366710000000000168e-03
2.102269999999999972e-01 2.049660000000000024e-02 2.102150000000000112e-03
2.142540000000000000e-01 1.160519999999999954e-02 1.902849999999999984e-03
2.182929999999999870e-01 9.410260000000000152e-03 1.705670000000000059e-03
2.230100000000000138e-01 2.205030000000000184e-03 1.366660000000000010e-03
2.275989999999999958e-01 -4.476240000000000253e-03 1.355960000000000021e-03
2.319219999999999893e-01 -7.400490000000000020e-03 1.321249999999999942e-03
2.362569999999999948e-01 -9.904949999999999172e-03 1.250000000000000026e-03
2.404359999999999831e-01 -1.106419999999999973e-02 1.299929999999999922e-03
2.445169999999999844e-01 -1.109030000000000085e-02 1.234349999999999944e-03
2.489639999999999909e-01 -1.270770000000000059e-02 1.179090000000000043e-03
2.536280000000000201e-01 -1.601199999999999846e-02 1.103650000000000074e-03
2.580649999999999888e-01 -1.718400000000000136e-02 1.158020000000000056e-03
2.623449999999999949e-01 -1.610390000000000085e-02 1.133239999999999985e-03
2.666310000000000069e-01 -1.577850000000000086e-02 1.104879999999999925e-03
2.706340000000000412e-01 -1.691660000000000039e-02 1.137930000000000105e-03
2.749429999999999930e-01 -1.581010000000000054e-02 1.034629999999999925e-03
2.796219999999999817e-01 -1.656650000000000136e-02 9.803649999999999691e-04
2.842069999999999874e-01 -1.729239999999999944e-02 1.060189999999999917e-03
2.884410000000000029e-01 -1.511380000000000015e-02 1.020700000000000036e-03
2.927049999999999930e-01 -1.380510000000000070e-02 1.020389999999999926e-03
2.967250000000000165e-01 -1.106329999999999987e-02 1.019189999999999896e-03
3.009919999999999818e-01 -1.112939999999999936e-02 8.980439999999999690e-04
3.056460000000000288e-01 -1.015210000000000071e-02 8.295810000000000250e-04
3.102169999999999650e-01 -8.469990000000000158e-03 8.153319999999999925e-04
3.146410000000000040e-01 -7.043640000000000317e-03 8.247709999999999677e-04
3.188350000000000350e-01 -4.360779999999999865e-03 8.239270000000000144e-04
3.228869999999999796e-01 -2.491310000000000052e-03 8.255089999999999867e-04
3.269489999999999896e-01 -2.205330000000000137e-03 7.911110000000000494e-04
3.316330000000000111e-01 2.519749999999999854e-04 6.876999999999999650e-04
3.363549999999999596e-01 9.808530000000000634e-04 7.396910000000000030e-04
3.408139999999999503e-01 2.609250000000000024e-03 7.357730000000000043e-04
3.449789999999999801e-01 3.898360000000000020e-03 7.419510000000000254e-04
3.490119999999999889e-01 4.552450000000000420e-03 7.537410000000000464e-04
3.530849999999999822e-01 6.443950000000000372e-03 7.287069999999999876e-04
3.576380000000000114e-01 7.311179999999999589e-03 6.622040000000000044e-04
3.622469999999999857e-01 7.536570000000000248e-03 7.035579999999999612e-04
3.667569999999999997e-01 7.965710000000000846e-03 6.993099999999999707e-04
3.711690000000000267e-01 9.396309999999999732e-03 7.434779999999999991e-04
3.753119999999999790e-01 1.152779999999999951e-02 7.661620000000000279e-04
3.792530000000000068e-01 1.074179999999999927e-02 8.019700000000000483e-04
3.836359999999999770e-01 1.125690000000000024e-02 7.109349999999999958e-04
3.882079999999999975e-01 1.234350000000000031e-02 7.108169999999999810e-04
3.927660000000000040e-01 1.234610000000000048e-02 7.292180000000000103e-04
3.971569999999999823e-01 1.115260000000000036e-02 7.350689999999999785e-04
4.014190000000000258e-01 1.184499999999999963e-02 7.494749999999999893e-04
4.055079999999999796e-01 1.239999999999999956e-02 7.785230000000000405e-04
4.096700000000000341e-01 1.091269999999999914e-02 7.409159999999999921e-04
4.142390000000000239e-01 1.158140000000000037e-02 6.934050000000000196e-04
4.188390000000000168e-01 1.216440000000000056e-02 7.267000000000000456e-04
4.232500000000000151e-01 1.046640000000000070e-02 7.260430000000000009e-04
4.274979999999999891e-01 1.202600000000000023e-02 7.368900000000000276e-04
4.315689999999999804e-01 1.108950000000000040e-02 7.196179999999999938e-04
4.358650000000000024e-01 9.916539999999999730e-03 6.742439999999999501e-04
4.403640000000000332e-01 1.029650000000000010e-02 6.289369999999999856e-04
4.448880000000000057e-01 9.481409999999999144e-03 6.462770000000000060e-04
4.492669999999999719e-01 9.930819999999999925e-03 6.274470000000000524e-04
4.535500000000000087e-01 8.601889999999999190e-03 6.374700000000000071e-04
4.577169999999999850e-01 8.272450000000000636e-03 6.092380000000000104e-04
4.617979999999999863e-01 7.919310000000000585e-03 6.179529999999999702e-04
4.663590000000000235e-01 8.196999999999999426e-03 5.261519999999999999e-04
4.707540000000000058e-01 7.475889999999999792e-03 5.942159999999999500e-04
4.750660000000000438e-01 6.779809999999999830e-03 6.822220000000000150e-04
4.796000000000000263e-01 5.632210000000000341e-03 7.075010000000000283e-04
4.838089999999999891e-01 5.401709999999999672e-03 6.908650000000000338e-04
4.879539999999999988e-01 2.981720000000000204e-03 6.605779999999999898e-04
4.922370000000000356e-01 4.485409999999999571e-03 1.248250000000000011e-03
