6.390650000000000497e-02 6.394483999999999924e+02 3.970544000000000295e+01
7.054712000000000482e-02 6.253867000000000189e+02 3.880310999999999666e+01
7.718774000000000468e-02 6.226171000000000504e+02 3.854932999999999765e+01
8.382834999999999592e-02 5.733795000000000073e+02 3.545687000000000211e+01
9.046896000000000104e-02 4.997373000000000047e+02 3.089928000000000097e+01
9.710957000000000616e-02 4.374725000000000250e+02 2.704092999999999947e+01
1.037502000000000008e-01 3.849359000000000037e+02 2.388698000000000121e+01
1.103907999999999973e-01 3.660529999999999973e+02 2.263863999999999876e+01
1.170313000000000048e-01 3.343792000000000257e+02 2.066194000000000131e+01
1.236719000000000013e-01 3.063826000000000249e+02 1.893158999999999992e+01
1.303124999999999978e-01 2.730462999999999738e+02 1.688194000000000017e+01
1.369530999999999943e-01 2.524361000000000104e+02 1.561288000000000054e+01
1.435935999999999879e-01 2.316040000000000134e+02 1.442580000000000062e+01
1.502342000000000122e-01 1.913006000000000029e+02 1.189672000000000018e+01
1.568747000000000058e-01 1.778532999999999902e+02 1.103467000000000020e+01
1.635151999999999994e-01 1.665586999999999875e+02 1.044243999999999950e+01
1.701556999999999931e-01 1.516615999999999929e+02 9.465369000000000810e+00
1.767961999999999867e-01 1.344165999999999883e+02 8.339714999999999989e+00
1.834367000000000081e-01 1.308772999999999911e+02 8.111425000000000551e+00
1.900772000000000017e-01 1.172595000000000027e+02 7.261899999999999800e+00
1.967176999999999953e-01 1.109895000000000067e+02 6.876625999999999905e+00
2.033581999999999890e-01 1.013979999999999961e+02 6.291770999999999781e+00
2.099986000000000075e-01 8.813481000000000165e+01 5.546189000000000036e+00
2.166391000000000011e-01 8.225230000000000530e+01 5.175118999999999581e+00
2.232794999999999919e-01 7.509730999999999312e+01 4.734339000000000297e+00
2.299199000000000104e-01 6.981492000000000075e+01 4.357522999999999591e+00
2.365603000000000011e-01 6.364323999999999870e+01 3.965441000000000216e+00
2.432006999999999919e-01 6.038345000000000340e+01 3.758798999999999779e+00
2.498410000000000075e-01 5.518914999999999793e+01 3.489901999999999838e+00
2.564814000000000260e-01 5.009069000000000216e+01 3.196108000000000171e+00
2.631217000000000139e-01 4.414470000000000027e+01 2.813562999999999814e+00
2.697621000000000047e-01 4.187340999999999980e+01 2.654425999999999952e+00
2.764023999999999925e-01 4.081642999999999688e+01 2.589482999999999979e+00
2.830426999999999804e-01 3.714314000000000249e+01 2.383753000000000011e+00
2.896829000000000209e-01 3.329205000000000325e+01 2.147705999999999893e+00
2.963232000000000088e-01 3.141893999999999920e+01 2.012728000000000073e+00
3.029633999999999938e-01 3.015765999999999991e+01 1.917219999999999924e+00
3.096036999999999817e-01 2.919164999999999921e+01 1.837493000000000043e+00
3.162439000000000222e-01 2.616662000000000177e+01 1.645280999999999993e+00
3.228840000000000043e-01 2.464508999999999972e+01 1.547331000000000012e+00
3.295241999999999893e-01 2.285792000000000002e+01 1.474088000000000065e+00
3.361643000000000270e-01 2.065227000000000146e+01 1.329466000000000037e+00
3.428045000000000120e-01 1.868606000000000122e+01 1.211891999999999969e+00
3.494445999999999941e-01 1.770089000000000112e+01 1.168508000000000102e+00
3.560846999999999762e-01 1.623404000000000025e+01 1.069863999999999926e+00
3.627247000000000110e-01 1.519677000000000078e+01 1.000755999999999979e+00
3.693647999999999931e-01 1.428250000000000064e+01 9.524287999999999643e-01
3.760047999999999724e-01 1.307232999999999912e+01 8.439259999999999540e-01
3.826448000000000071e-01 1.246439999999999948e+01 7.939397999999999733e-01
3.892846999999999835e-01 1.162334000000000067e+01 7.472484000000000348e-01
3.959247000000000183e-01 1.136306000000000083e+01 7.261942000000000119e-01
4.025645999999999947e-01 1.019089999999999918e+01 6.531017000000000072e-01
4.092045000000000265e-01 9.823373999999999384e+00 6.303940999999999573e-01
4.158444000000000029e-01 9.060817999999999373e+00 5.802384000000000430e-01
4.224842999999999793e-01 8.594765000000000654e+00 5.726303000000000365e-01
4.291241000000000083e-01 7.902007000000000225e+00 5.159143999999999952e-01
4.357638999999999818e-01 7.130556999999999590e+00 4.913046999999999831e-01
4.424037000000000108e-01 6.760436000000000334e+00 4.672484000000000082e-01
4.490433999999999815e-01 6.730509999999999771e+00 4.701600000000000223e-01
4.556831000000000076e-01 6.549697000000000102e+00 4.470647999999999844e-01
4.623227999999999782e-01 5.904456999999999844e+00 4.172827000000000064e-01
4.689625000000000044e-01 5.626786000000000065e+00 3.973822000000000187e-01
4.756021000000000276e-01 4.902644999999999698e+00 3.450939000000000090e-01
4.822416999999999954e-01 4.805318999999999896e+00 3.359840000000000049e-01
4.888813000000000186e-01 5.172489999999999810e+00 3.570617999999999848e-01
4.955208999999999864e-01 4.544888000000000261e+00 3.246658000000000044e-01
5.021603999999999512e-01 4.055794999999999817e+00 2.906246000000000107e-01
5.087998999999999716e-01 3.726322000000000134e+00 2.528998000000000079e-01
5.154393999999999920e-01 3.663336999999999843e+00 2.476832999999999951e-01
5.220787999999999540e-01 3.608430999999999944e+00 2.693186000000000191e-01
5.287182000000000270e-01 3.698780000000000179e+00 2.668873999999999969e-01
5.353575999999999890e-01 3.297623999999999889e+00 2.388774999999999926e-01
5.419969000000000037e-01 3.314572000000000074e+00 2.354499999999999926e-01
5.486362000000000183e-01 3.346852999999999856e+00 2.303211000000000008e-01
5.552755000000000329e-01 3.229359999999999786e+00 2.460555000000000103e-01
5.619146999999999892e-01 2.957009999999999916e+00 2.118652000000000035e-01
5.685538999999999454e-01 2.630463999999999913e+00 1.989845000000000086e-01
5.751931000000000127e-01 2.693537000000000070e+00 2.037384999999999891e-01
5.818322000000000216e-01 2.528516999999999904e+00 1.868857999999999908e-01
5.884713000000000305e-01 2.382489000000000079e+00 1.779658000000000073e-01
5.951104000000000394e-01 2.403519000000000183e+00 1.871665999999999885e-01
6.017493999999999899e-01 2.427093000000000167e+00 1.877379999999999882e-01
6.083884000000000514e-01 2.060439000000000132e+00 1.623744000000000021e-01
6.150274000000000019e-01 2.065396999999999927e+00 1.635901999999999912e-01
6.216663000000000050e-01 2.002807999999999922e+00 1.555611000000000077e-01
6.283052000000000081e-01 1.777762000000000064e+00 1.352232999999999907e-01
6.349439999999999529e-01 1.852236999999999911e+00 1.434439000000000131e-01
6.415828999999999560e-01 1.812548000000000048e+00 1.406412999999999969e-01
6.482215999999999534e-01 1.685727999999999893e+00 1.334896000000000138e-01
6.548604000000000092e-01 1.647137000000000073e+00 1.365133000000000041e-01
6.614991000000000065e-01 1.701182999999999890e+00 1.350297000000000025e-01
6.681376999999999455e-01 1.699432000000000054e+00 1.232893000000000044e-01
6.747762999999999955e-01 1.608289000000000080e+00 1.291374999999999884e-01
6.814149000000000456e-01 1.610924000000000023e+00 1.276259999999999895e-01
6.880534000000000372e-01 1.579951000000000105e+00 1.237613000000000046e-01
6.946919000000000288e-01 1.452415000000000012e+00 1.160950000000000037e-01
7.013304000000000205e-01 1.488143999999999911e+00 1.236755999999999966e-01
7.079687999999999537e-01 1.374714999999999909e+00 1.163455999999999935e-01
7.146071999999999980e-01 1.143780000000000019e+00 1.012726999999999933e-01
7.212454999999999838e-01 1.173896999999999968e+00 9.860045000000000615e-02
7.278837999999999697e-01 1.240229000000000026e+00 1.056337999999999999e-01
7.345220000000000082e-01 1.149064000000000085e+00 1.002582999999999946e-01
7.411602000000000467e-01 1.171168999999999905e+00 9.967890999999999557e-02
7.477983000000000269e-01 1.099196999999999980e+00 9.576914000000000260e-02
7.544364000000000070e-01 1.093676000000000093e+00 8.714431000000000260e-02
7.610744999999999871e-01 1.095993999999999913e+00 1.013542000000000054e-01
7.677125000000000199e-01 1.059995000000000021e+00 9.001805000000000223e-02
7.743505000000000527e-01 9.524854999999999849e-01 8.640085000000000126e-02
7.809884000000000270e-01 9.831111000000000155e-01 8.319482000000000266e-02
7.876263000000000014e-01 9.230692999999999815e-01 8.498733999999999456e-02
7.942641000000000284e-01 8.513962999999999948e-01 6.978697999999999846e-02
8.009019000000000554e-01 8.694458000000000464e-01 7.646672000000000191e-02
8.075396000000000241e-01 9.071683999999999859e-01 8.699189999999999701e-02
8.141772999999999927e-01 8.393089000000000244e-01 7.700329000000000201e-02
8.208149000000000139e-01 8.800770999999999455e-01 8.078470000000000095e-02
8.274525000000000352e-01 8.770516000000000423e-01 7.608507000000000464e-02
8.340900999999999454e-01 8.374608999999999526e-01 7.534058999999999895e-02
8.407276000000000193e-01 6.762968000000000313e-01 6.712355000000000405e-02
8.473650000000000349e-01 7.162007999999999708e-01 6.751131000000000493e-02
8.540024000000000504e-01 7.201545999999999781e-01 5.940721999999999670e-02
8.606397000000000075e-01 7.320284000000000235e-01 6.699181999999999360e-02
8.672769999999999646e-01 7.821333999999999786e-01 7.526112000000000080e-02
8.739141999999999744e-01 7.454541000000000084e-01 6.681858999999999715e-02
8.805513999999999841e-01 7.182830999999999522e-01 6.770702000000000664e-02
8.871885999999999939e-01 6.121687999999999574e-01 5.840295999999999682e-02
8.938255999999999979e-01 6.351193000000000533e-01 5.764460999999999891e-02
9.004626000000000019e-01 6.457290999999999448e-01 6.192413000000000084e-02
9.070996000000000059e-01 6.740960999999999759e-01 5.691932000000000241e-02
9.137364999999999515e-01 6.673786999999999914e-01 5.340609000000000328e-02
9.203734000000000082e-01 6.623883999999999883e-01 6.034930000000000155e-02
9.270102000000000064e-01 6.660994000000000081e-01 6.481386000000000092e-02
9.336468999999999463e-01 5.710013999999999923e-01 5.985025000000000067e-02
9.402835999999999972e-01 5.525712999999999875e-01 5.547140999999999877e-02
9.469203000000000481e-01 5.527763999999999456e-01 5.533153999999999850e-02
9.535569000000000406e-01 5.703519999999999701e-01 5.655858999999999887e-02
9.601933999999999747e-01 4.982875999999999972e-01 4.968613999999999670e-02
9.668297999999999615e-01 5.132041000000000519e-01 5.251704000000000094e-02
9.734663000000000066e-01 5.688296000000000463e-01 6.048836999999999964e-02
9.801026000000000460e-01 5.666965999999999948e-01 6.298597999999999697e-02
9.867388999999999744e-01 5.263619000000000492e-01 5.210698999999999886e-02
9.933750999999999554e-01 4.598828999999999834e-01 4.688321000000000155e-02
1.000010999999999983e+00 4.561001000000000083e-01 5.073949999999999988e-02
1.006647000000000070e+00 4.432934000000000041e-01 4.763179000000000024e-02
1.013282999999999934e+00 4.179421999999999859e-01 4.270444999999999797e-02
1.019919000000000020e+00 4.534312999999999816e-01 5.167251999999999956e-02
1.026555000000000106e+00 4.672446000000000099e-01 4.964649000000000145e-02
1.033190999999999971e+00 4.517463999999999924e-01 4.541628999999999805e-02
1.039827000000000057e+00 4.373584999999999834e-01 4.919612000000000290e-02
1.046462999999999921e+00 4.369359999999999911e-01 4.711942000000000214e-02
1.053099000000000007e+00 3.754703999999999819e-01 3.992695999999999745e-02
1.059733999999999954e+00 4.140119999999999911e-01 4.348359999999999725e-02
1.066370000000000040e+00 4.187737999999999738e-01 3.951248999999999734e-02
1.073004999999999987e+00 3.877642000000000033e-01 3.439087999999999867e-02
1.079641000000000073e+00 3.740829999999999989e-01 3.865517999999999732e-02
1.086276000000000019e+00 3.941026000000000251e-01 4.722153999999999935e-02
1.092910999999999966e+00 3.488574999999999871e-01 3.449163999999999702e-02
1.099547000000000052e+00 3.396674000000000082e-01 3.390371999999999830e-02
1.106181999999999999e+00 3.558800999999999770e-01 4.754793999999999687e-02
1.112816999999999945e+00 3.278023999999999938e-01 3.543502999999999931e-02
1.119451999999999892e+00 2.860222000000000042e-01 3.353124999999999856e-02
1.126087000000000060e+00 3.104924000000000017e-01 3.539794000000000274e-02
1.132722000000000007e+00 2.828427000000000024e-01 3.434601999999999794e-02
1.139356999999999953e+00 3.485712999999999728e-01 3.985723000000000044e-02
1.145990999999999982e+00 3.457688999999999901e-01 4.123558000000000084e-02
1.152625999999999928e+00 3.354186000000000112e-01 3.480148000000000269e-02
1.159261000000000097e+00 3.112652000000000196e-01 3.849811000000000205e-02
1.165894999999999904e+00 2.567963999999999802e-01 3.240959000000000201e-02
1.172530000000000072e+00 2.805749000000000160e-01 3.518407999999999952e-02
1.179164000000000101e+00 2.435344999999999871e-01 2.738735000000000128e-02
1.185799000000000047e+00 2.981966999999999812e-01 3.876754999999999785e-02
1.192433000000000076e+00 2.832454999999999834e-01 3.783303999999999834e-02
1.199067000000000105e+00 2.846480000000000121e-01 3.696540000000000242e-02
1.205700999999999912e+00 3.046301000000000148e-01 3.851998999999999701e-02
1.212334999999999940e+00 3.086999999999999744e-01 4.559896000000000088e-02
1.218968999999999969e+00 2.825156999999999807e-01 4.328209999999999696e-02
1.225602999999999998e+00 2.409614999999999951e-01 3.179798000000000346e-02
1.232237000000000027e+00 2.096050000000000135e-01 2.842193999999999970e-02
1.238871000000000056e+00 2.305235999999999952e-01 3.396045000000000313e-02
1.245503999999999944e+00 2.603236999999999912e-01 3.164109999999999839e-02
1.252137999999999973e+00 2.152005999999999919e-01 2.932757999999999893e-02
1.258772000000000002e+00 2.356013999999999886e-01 3.180340000000000250e-02
1.265404999999999891e+00 2.570143999999999762e-01 3.447146000000000238e-02
1.272038999999999920e+00 2.538492999999999999e-01 3.601084999999999703e-02
1.278672000000000031e+00 2.130315999999999876e-01 2.814577000000000051e-02
1.285304999999999920e+00 1.981990999999999892e-01 2.924453000000000122e-02
1.291938000000000031e+00 2.492997000000000130e-01 3.396089000000000052e-02
1.298570999999999920e+00 1.926055999999999879e-01 2.981769000000000086e-02
1.305204000000000031e+00 2.221824000000000021e-01 3.075984000000000010e-02
1.311836999999999920e+00 1.948126000000000024e-01 2.881415999999999838e-02
1.318470000000000031e+00 2.287959999999999994e-01 3.015481999999999885e-02
1.325102999999999920e+00 1.547621999999999887e-01 2.399184999999999859e-02
1.331736000000000031e+00 1.604624000000000050e-01 2.472782000000000105e-02
1.338368000000000002e+00 1.899124000000000090e-01 2.991343000000000127e-02
1.345000999999999891e+00 1.975099999999999911e-01 2.906511999999999984e-02
1.351633000000000084e+00 2.084728999999999888e-01 2.886524999999999855e-02
1.358265999999999973e+00 1.881707999999999992e-01 2.974444999999999867e-02
1.364897999999999945e+00 1.509859000000000062e-01 2.438716000000000148e-02
1.371529999999999916e+00 1.898440999999999879e-01 2.930980999999999864e-02
1.378162000000000109e+00 1.819915000000000005e-01 2.912495999999999835e-02
1.384794000000000080e+00 1.717732999999999899e-01 2.847347999999999893e-02
1.391426000000000052e+00 1.716554000000000135e-01 2.876404999999999934e-02
1.398058000000000023e+00 1.692105999999999888e-01 2.573935999999999932e-02
1.404689999999999994e+00 1.653392999999999946e-01 2.608469999999999886e-02
1.411321999999999965e+00 1.492403999999999953e-01 2.408344000000000110e-02
1.417953000000000019e+00 1.553268999999999900e-01 2.453367000000000048e-02
1.424584999999999990e+00 1.756397000000000097e-01 2.813944000000000167e-02
1.431216999999999961e+00 1.384925999999999935e-01 2.201476000000000127e-02
1.437848000000000015e+00 1.311595999999999873e-01 2.212733999999999882e-02
1.444479000000000068e+00 1.437752999999999948e-01 2.518673000000000092e-02
1.451109999999999900e+00 1.541480000000000072e-01 2.736397000000000135e-02
1.457742000000000093e+00 1.247671999999999948e-01 2.071332000000000034e-02
1.464372999999999925e+00 1.424130999999999869e-01 2.481337000000000126e-02
1.471003999999999978e+00 1.432231999999999950e-01 2.426574000000000092e-02
1.477633999999999892e+00 1.421247999999999956e-01 2.437347999999999945e-02
1.484264999999999946e+00 1.633664999999999978e-01 2.559196000000000040e-02
1.490895999999999999e+00 1.267176999999999887e-01 2.248201999999999839e-02
1.497525999999999913e+00 1.376908000000000021e-01 2.419576000000000018e-02
1.504156999999999966e+00 1.111940000000000012e-01 2.116414999999999963e-02
1.510787000000000102e+00 1.353883999999999921e-01 2.358580999999999872e-02
1.517417999999999934e+00 1.430277000000000076e-01 2.466857999999999898e-02
1.524048000000000069e+00 1.378929999999999878e-01 2.875992999999999952e-02
1.530677999999999983e+00 1.132062000000000068e-01 2.122475000000000056e-02
1.537307999999999897e+00 1.184439000000000047e-01 2.278261999999999995e-02
1.543938000000000033e+00 9.538062999999999403e-02 1.823800999999999894e-02
1.550567999999999946e+00 9.821135999999999755e-02 1.957222999999999949e-02
1.557198000000000082e+00 1.092672999999999978e-01 2.229213999999999848e-02
1.563827999999999996e+00 1.121922000000000058e-01 2.249266999999999933e-02
1.570456999999999992e+00 1.233261999999999969e-01 2.459748999999999963e-02
1.577086999999999906e+00 1.033188000000000023e-01 2.199858000000000022e-02
1.583715999999999902e+00 7.795705999999999469e-02 1.528684999999999940e-02
1.590344999999999898e+00 1.098359000000000002e-01 2.086994000000000002e-02
1.596975000000000033e+00 1.360962000000000005e-01 2.777438000000000129e-02
1.603604000000000029e+00 1.161588999999999955e-01 2.465219999999999911e-02
1.610233000000000025e+00 9.990478999999999332e-02 2.149550999999999892e-02
1.616862000000000021e+00 1.101154000000000022e-01 2.260801000000000130e-02
1.623490000000000100e+00 9.578375999999999557e-02 1.893157000000000173e-02
1.630119000000000096e+00 7.218563000000000063e-02 1.456431000000000045e-02
1.636748000000000092e+00 1.125846000000000069e-01 2.072542999999999955e-02
1.643375999999999948e+00 9.098206000000000349e-02 1.767031000000000157e-02
1.650004999999999944e+00 7.730523999999999729e-02 1.577005000000000073e-02
1.656633000000000022e+00 7.834441999999999795e-02 1.587941000000000005e-02
1.663261000000000100e+00 8.736414000000000679e-02 1.679090999999999917e-02
1.669890000000000096e+00 8.469714000000000409e-02 1.762698999999999863e-02
1.676517999999999953e+00 9.315616999999999648e-02 1.858999999999999889e-02
1.683146000000000031e+00 8.247210000000000651e-02 1.669059000000000167e-02
1.689772999999999969e+00 7.741924999999999502e-02 1.638210999999999834e-02
1.696401000000000048e+00 7.143257999999999552e-02 1.449636999999999974e-02
1.703028999999999904e+00 7.214460000000000317e-02 1.564455000000000012e-02
1.709656000000000065e+00 8.603824999999999668e-02 1.835144000000000011e-02
1.716283999999999921e+00 1.144864000000000021e-01 2.559646999999999964e-02
1.722911000000000081e+00 5.602924000000000099e-02 1.337173000000000007e-02
1.729538000000000020e+00 7.718798999999999799e-02 1.767302999999999930e-02
1.736166000000000098e+00 9.081749999999999545e-02 1.903492000000000031e-02
1.742793000000000037e+00 1.177858999999999989e-01 2.662430000000000005e-02
1.749419999999999975e+00 8.359756999999999605e-02 1.891264000000000139e-02
1.756045999999999996e+00 8.009397999999999518e-02 1.769267000000000062e-02
1.762672999999999934e+00 7.814493999999999607e-02 1.957414000000000029e-02
1.769300000000000095e+00 7.167943999999999705e-02 1.736427999999999930e-02
1.775925999999999894e+00 7.168673000000000406e-02 1.696332999999999869e-02
1.782553000000000054e+00 8.568497999999999393e-02 2.089043000000000150e-02
1.789179000000000075e+00 6.935956000000000066e-02 1.661912000000000111e-02
1.795805000000000096e+00 6.960623999999999978e-02 1.778882999999999853e-02
1.802430999999999894e+00 8.450402999999999387e-02 1.911248999999999934e-02
1.809056999999999915e+00 7.779838999999999505e-02 1.836751999999999829e-02
1.815682999999999936e+00 7.997073999999999849e-02 1.965166000000000135e-02
1.822308999999999957e+00 6.109588999999999992e-02 1.419687000000000032e-02
1.828934999999999977e+00 7.662947999999999982e-02 2.067410999999999902e-02
1.835560000000000080e+00 6.283985999999999739e-02 1.633143999999999915e-02
1.842186000000000101e+00 5.746049000000000295e-02 1.460134000000000085e-02
1.848810999999999982e+00 4.791905999999999943e-02 1.016948999999999978e-02
1.855436000000000085e+00 6.630390999999999369e-02 1.558152999999999969e-02
1.862060999999999966e+00 5.887353000000000031e-02 1.521025999999999975e-02
1.868686000000000069e+00 4.954520999999999925e-02 1.397307000000000063e-02
1.875310999999999950e+00 7.583365000000000244e-02 1.963561000000000126e-02
1.881936000000000053e+00 5.543541999999999914e-02 1.238193999999999927e-02
1.888560000000000016e+00 7.609209999999999585e-02 1.977214999999999875e-02
1.895184999999999897e+00 4.721020000000000078e-02 1.254687999999999984e-02
1.901809000000000083e+00 5.929366999999999971e-02 1.567870999999999848e-02
1.908433999999999964e+00 4.895817999999999698e-02 1.343870999999999954e-02
1.915057999999999927e+00 7.894516000000000033e-02 1.725118000000000137e-02
1.921681999999999890e+00 7.594819999999999349e-02 1.895422999999999900e-02
1.928306000000000076e+00 6.058332000000000300e-02 1.301775999999999975e-02
1.934930000000000039e+00 6.373002999999999307e-02 1.543507000000000039e-02
1.941554000000000002e+00 4.573064000000000295e-02 1.196917999999999940e-02
1.948177000000000048e+00 5.538304000000000143e-02 1.460742999999999937e-02
1.954801000000000011e+00 7.117698999999999554e-02 1.958642000000000022e-02
1.961424000000000056e+00 4.633310000000000206e-02 1.335534000000000027e-02
1.968048000000000020e+00 5.644111999999999740e-02 1.438023000000000079e-02
1.974671000000000065e+00 4.945258999999999766e-02 1.332465000000000038e-02
1.981294000000000111e+00 5.867967999999999795e-02 1.582982999999999960e-02
1.987916999999999934e+00 5.588044000000000344e-02 1.644500000000000128e-02
1.994539999999999980e+00 5.768932999999999700e-02 1.676019000000000120e-02
2.001161999999999885e+00 5.512939000000000034e-02 1.605733999999999981e-02
2.007785000000000153e+00 3.676307999999999659e-02 1.238149000000000020e-02
2.014406999999999837e+00 4.084320000000000311e-02 1.179879999999999991e-02
2.021030000000000104e+00 5.539207000000000158e-02 1.587575999999999918e-02
2.027651999999999788e+00 3.866616999999999971e-02 1.290700000000000007e-02
2.034273999999999916e+00 6.387439000000000311e-02 1.793412999999999952e-02
2.040896000000000043e+00 5.200753000000000320e-02 1.494088000000000013e-02
2.047518000000000171e+00 4.459094000000000252e-02 1.312366000000000053e-02
2.054139000000000159e+00 4.708678000000000169e-02 1.432506000000000057e-02
2.060760999999999843e+00 3.615518999999999677e-02 1.329311000000000034e-02
2.067382999999999971e+00 5.199051999999999840e-02 1.652090999999999976e-02
2.074003999999999959e+00 4.563927000000000261e-02 1.373920999999999996e-02
2.080624999999999947e+00 3.823875999999999664e-02 1.289476999999999984e-02
2.087245999999999935e+00 5.376124999999999654e-02 1.685477999999999976e-02
2.093866999999999923e+00 4.910963000000000134e-02 1.542188000000000066e-02
2.100487999999999911e+00 3.201993999999999674e-02 1.098382999999999998e-02
2.107108999999999899e+00 4.037688999999999862e-02 1.435118999999999978e-02
2.113729999999999887e+00 3.480849999999999916e-02 1.148175000000000064e-02
2.120350000000000179e+00 4.094412000000000051e-02 1.470004999999999923e-02
2.126970000000000027e+00 3.936483999999999817e-02 1.210175999999999960e-02
2.133591000000000015e+00 3.486192999999999931e-02 1.269423000000000079e-02
2.140210999999999864e+00 3.791010000000000213e-02 1.189087999999999951e-02
2.146831000000000156e+00 4.435845000000000066e-02 1.361456999999999945e-02
2.153451000000000004e+00 5.917779000000000095e-02 1.724320999999999840e-02
2.160070000000000157e+00 5.145105999999999985e-02 1.714937999999999879e-02
2.166690000000000005e+00 3.095519999999999869e-02 1.004915999999999969e-02
2.173309000000000157e+00 4.277319000000000260e-02 1.441254999999999967e-02
2.179929000000000006e+00 3.648458000000000256e-02 1.131330000000000009e-02
2.186548000000000158e+00 3.034916000000000003e-02 1.047413999999999984e-02
2.193166999999999867e+00 2.599817999999999921e-02 8.338012000000000548e-03
2.199786000000000019e+00 3.437914000000000248e-02 1.354060999999999980e-02
2.206405000000000172e+00 4.107311000000000295e-02 1.544541999999999964e-02
2.213023999999999880e+00 6.093156000000000266e-02 1.895244000000000095e-02
2.219641999999999893e+00 5.039090999999999709e-02 1.554458000000000055e-02
2.226261000000000045e+00 4.058760000000000145e-02 1.391825000000000007e-02
2.232879000000000058e+00 4.073298999999999670e-02 1.400921999999999931e-02
2.239497000000000071e+00 4.462189999999999906e-02 1.435441999999999968e-02
2.246115000000000084e+00 2.827833000000000083e-02 9.539125000000000729e-03
2.252733000000000096e+00 4.279561999999999949e-02 1.429524000000000072e-02
2.259351000000000109e+00 2.797975000000000115e-02 1.104179999999999919e-02
2.265967999999999982e+00 2.272085000000000077e-02 7.789698999999999755e-03
2.272585999999999995e+00 4.213741000000000014e-02 1.087843999999999964e-02
2.279202999999999868e+00 2.670631999999999867e-02 7.938636000000000650e-03
2.285820000000000185e+00 1.661862000000000061e-02 8.716102999999999351e-03
2.292437000000000058e+00 3.606579000000000035e-02 1.220555000000000077e-02
2.299053999999999931e+00 3.552211000000000257e-02 1.071973000000000023e-02
2.305670999999999804e+00 2.754873999999999865e-02 1.121506000000000065e-02
2.312288000000000121e+00 4.156027999999999806e-02 1.352767000000000032e-02
2.318903999999999854e+00 2.959544000000000064e-02 1.062958999999999953e-02
2.325521000000000171e+00 3.612512999999999835e-02 1.356436999999999921e-02
2.332136999999999905e+00 3.823267000000000332e-02 1.531643000000000067e-02
2.338753000000000082e+00 3.563749000000000083e-02 1.281951999999999918e-02
2.345368999999999815e+00 2.662787999999999961e-02 1.034918999999999943e-02
2.351984999999999992e+00 2.048294000000000156e-02 9.632078999999999988e-03
2.358601000000000170e+00 2.570093000000000030e-02 1.034416999999999975e-02
2.365216000000000207e+00 2.260859000000000132e-02 9.577461000000000654e-03
2.371831999999999940e+00 2.806414000000000131e-02 1.075676000000000063e-02
2.378446999999999978e+00 4.542754000000000236e-02 1.636817000000000133e-02
2.385062000000000015e+00 3.425961999999999757e-02 1.197313000000000023e-02
2.391677000000000053e+00 3.703817999999999694e-02 1.324154999999999950e-02
2.398292000000000090e+00 3.789163000000000253e-02 1.356432999999999944e-02
2.404907000000000128e+00 2.954655999999999949e-02 1.135486999999999955e-02
2.411521000000000026e+00 4.385051999999999700e-02 1.430406000000000039e-02
2.418136000000000063e+00 4.831574000000000285e-02 1.305761000000000074e-02
2.424749999999999961e+00 2.839873000000000050e-02 1.225501000000000021e-02
2.431363999999999859e+00 2.178874000000000088e-02 9.967573000000000405e-03
2.437978000000000200e+00 2.416708000000000051e-02 9.898153999999999286e-03
2.444592000000000098e+00 5.850978999999999902e-02 2.193803000000000072e-02
2.451205999999999996e+00 3.598798000000000274e-02 1.503913999999999945e-02
2.457819000000000198e+00 2.743490999999999985e-02 1.218359999999999929e-02
2.464433000000000096e+00 1.518847000000000079e-02 8.227952999999999656e-03
2.471045999999999854e+00 1.782919999999999991e-02 9.357321999999999515e-03
2.477659000000000056e+00 2.774060000000000067e-02 1.119998000000000000e-02
2.484271999999999814e+00 3.927661000000000346e-02 1.419145999999999949e-02
2.490885000000000016e+00 2.497345000000000120e-02 1.036436999999999949e-02
2.497498000000000218e+00 2.019342000000000012e-02 8.870413000000000603e-03
2.504109999999999836e+00 1.977778999999999995e-02 8.154345999999999817e-03
2.510723000000000038e+00 2.884184000000000053e-02 1.327138999999999923e-02
2.517335000000000100e+00 1.809592000000000145e-02 9.751153999999999725e-03
2.523947000000000163e+00 2.280715999999999993e-02 1.044514000000000033e-02
2.530558999999999781e+00 2.074225999999999848e-02 9.950817000000000689e-03
2.537170999999999843e+00 2.475938999999999918e-02 1.126695999999999948e-02
2.543782000000000210e+00 2.809992999999999866e-02 1.283047000000000007e-02
2.550393999999999828e+00 3.866519000000000206e-02 1.398419000000000051e-02
2.557005000000000194e+00 3.589944999999999942e-02 1.597536999999999915e-02
2.563616000000000117e+00 1.884428999999999965e-02 9.031976000000000587e-03
2.570227000000000039e+00 1.781353999999999924e-02 8.602105999999999988e-03
2.576837999999999962e+00 1.601756000000000013e-02 9.706658999999999426e-03
2.583448999999999884e+00 3.837723999999999996e-02 1.488552999999999925e-02
2.590059999999999807e+00 3.001434999999999867e-02 1.259406000000000067e-02
2.596670000000000034e+00 1.805951999999999905e-02 1.166470000000000007e-02
2.603279999999999816e+00 4.964753000000000221e-02 1.882754999999999845e-02
2.609890000000000043e+00 2.008419999999999997e-02 9.514296999999999685e-03
2.616499999999999826e+00 3.270547000000000037e-02 1.504647999999999923e-02
2.623110000000000053e+00 3.011319000000000148e-02 1.331673000000000058e-02
2.629719999999999835e+00 1.580559000000000131e-02 9.828661000000000689e-03
2.636328999999999922e+00 1.883918999999999871e-02 8.617216999999999932e-03
2.642939000000000149e+00 4.317380999999999996e-02 1.845894999999999828e-02
2.649547999999999792e+00 3.596082999999999918e-02 1.696535999999999877e-02
2.656156999999999879e+00 2.832776000000000044e-02 1.280262000000000067e-02
2.662765999999999966e+00 2.724328000000000166e-02 1.204877000000000031e-02
2.669373999999999914e+00 2.069599000000000091e-02 9.786001000000000768e-03
2.675983000000000001e+00 1.602713999999999875e-02 9.147885999999999171e-03
2.682590999999999948e+00 1.182949999999999974e-02 9.023787999999999601e-03
2.689200000000000035e+00 2.284013000000000015e-02 1.152133999999999971e-02
2.695807999999999982e+00 3.193147000000000346e-02 1.438799999999999975e-02
2.702415999999999929e+00 3.294806000000000124e-02 1.636759999999999951e-02
2.709023000000000181e+00 2.095251000000000058e-02 1.105639999999999921e-02
2.715631000000000128e+00 1.743023999999999962e-02 9.263488000000000278e-03
2.722237999999999936e+00 1.640414999999999929e-02 8.312964000000000811e-03
2.728845999999999883e+00 1.251669000000000045e-02 8.988335999999999548e-03
2.735453000000000134e+00 2.583513999999999949e-02 1.313974000000000045e-02
2.742059999999999942e+00 3.201169000000000237e-02 1.463264000000000058e-02
2.748666000000000054e+00 2.233836999999999975e-02 1.054881000000000048e-02
2.755272999999999861e+00 1.967007999999999951e-02 9.626963000000000534e-03
2.761878999999999973e+00 1.520561999999999955e-02 8.945724999999999857e-03
2.768485999999999780e+00 1.440130000000000056e-02 7.888416000000000525e-03
2.775091999999999892e+00 2.040240999999999930e-02 9.972916000000000072e-03
2.781698000000000004e+00 1.989822999999999939e-02 1.113191000000000007e-02
2.788304000000000116e+00 7.913497999999999713e-03 9.536344000000000418e-03
2.794909000000000088e+00 2.221704999999999861e-02 1.150990999999999993e-02
2.801515000000000200e+00 1.891139999999999835e-02 9.573477000000000375e-03
2.808120000000000172e+00 2.594248999999999861e-02 1.245720999999999981e-02
2.814725000000000144e+00 1.394599000000000012e-02 9.440130999999999176e-03
2.821330000000000116e+00 1.291109000000000007e-02 9.922580000000000289e-03
2.827935000000000088e+00 1.652454000000000076e-02 8.767439999999999609e-03
2.834540000000000060e+00 2.179897999999999905e-02 1.069144999999999991e-02
2.841143999999999892e+00 1.603943000000000035e-02 9.862667999999999782e-03
2.847748000000000168e+00 1.828027999999999945e-02 9.833168999999999244e-03
2.854352000000000000e+00 1.929198000000000024e-02 1.122949999999999990e-02
2.860955999999999833e+00 2.312173000000000006e-02 1.060310000000000072e-02
2.867560000000000109e+00 2.513516999999999835e-02 1.151002999999999922e-02
2.874163999999999941e+00 1.451941999999999990e-02 9.520093000000000305e-03
2.880767000000000078e+00 2.015155999999999892e-02 1.024088000000000082e-02
2.887370999999999910e+00 2.275046000000000013e-02 1.137676999999999959e-02
2.893974000000000046e+00 1.855996999999999855e-02 9.530873000000000470e-03
2.900577000000000183e+00 1.341959000000000034e-02 8.734797000000000741e-03
2.907179000000000180e+00 1.191978999999999955e-02 9.631940999999999767e-03
2.913781999999999872e+00 2.574285000000000115e-02 1.301596999999999997e-02
2.920383999999999869e+00 1.753367999999999940e-02 1.108593000000000078e-02
2.926987000000000005e+00 1.088710000000000025e-02 9.469147000000000675e-03
2.933589000000000002e+00 3.057170999999999847e-02 1.588080999999999868e-02
2.940190999999999999e+00 1.529664000000000024e-02 8.972571000000000366e-03
2.946791999999999856e+00 2.634753000000000095e-02 1.368484000000000020e-02
2.953393999999999853e+00 2.504786999999999986e-02 1.408762000000000035e-02
2.959995000000000154e+00 1.453334000000000049e-02 9.841440999999999384e-03
2.966596000000000011e+00 4.278541999999999762e-02 1.859484000000000137e-02
2.973196999999999868e+00 2.381650999999999907e-02 1.182835999999999957e-02
2.979798000000000169e+00 1.814032000000000144e-02 8.630169999999999508e-03
2.986399000000000026e+00 1.249869999999999974e-02 8.804051999999999711e-03
2.992999000000000187e+00 1.937687999999999910e-02 1.068521000000000054e-02
2.999600000000000044e+00 1.492504000000000053e-02 9.604313999999999213e-03
3.006200000000000205e+00 2.698506000000000168e-02 1.018268999999999945e-02
3.012799999999999923e+00 2.983774000000000148e-02 1.560359000000000052e-02
3.019400000000000084e+00 1.303293999999999980e-02 1.059771999999999971e-02
3.025999000000000105e+00 7.693285999999999701e-03 1.040102000000000040e-02
3.032598999999999823e+00 1.948549000000000114e-02 1.061295999999999941e-02
3.039197999999999844e+00 2.020138999999999962e-02 1.129095999999999919e-02
3.045796999999999866e+00 1.220221999999999973e-02 8.483179000000000414e-03
3.052395999999999887e+00 1.518440000000000067e-02 8.522142999999999385e-03
3.058994999999999909e+00 8.244362999999999345e-03 8.857521999999999618e-03
3.065592999999999790e+00 1.397113000000000001e-02 9.677923999999999208e-03
3.072191999999999812e+00 1.253128000000000054e-02 9.647719000000000780e-03
3.078790000000000138e+00 2.706644000000000064e-02 1.340254999999999919e-02
3.085388000000000019e+00 2.179570999999999939e-02 1.192813000000000033e-02
3.091985000000000205e+00 1.118811999999999932e-02 8.115541000000000421e-03
3.098583000000000087e+00 2.978472000000000064e-02 1.451553000000000045e-02
3.105179999999999829e+00 1.559714000000000066e-02 9.029007999999999826e-03
3.111778000000000155e+00 2.753873000000000085e-02 1.492396000000000000e-02
3.118374999999999897e+00 3.324925000000000103e-02 1.495952000000000046e-02
3.124972000000000083e+00 1.596451999999999941e-02 9.984852000000000657e-03
3.131568000000000129e+00 2.357483000000000148e-02 1.434429000000000086e-02
3.138164999999999871e+00 1.843805000000000097e-02 1.032297000000000076e-02
3.144760999999999918e+00 2.010520000000000015e-02 1.131936000000000053e-02
3.151356999999999964e+00 1.646067999999999837e-02 8.642380999999999328e-03
3.157953000000000010e+00 2.436369000000000035e-02 1.414313000000000028e-02
3.164549000000000056e+00 1.623598000000000055e-02 1.046030000000000050e-02
3.171145000000000103e+00 1.866104999999999847e-02 1.209807000000000070e-02
3.177740000000000009e+00 3.368714000000000083e-03 8.703901999999999473e-03
3.184334999999999916e+00 1.865516999999999870e-02 1.040134000000000024e-02
3.190929999999999822e+00 1.228043000000000017e-02 9.029070000000000151e-03
3.197525000000000173e+00 1.194262999999999922e-02 9.122460000000000638e-03
3.204120000000000079e+00 1.775550999999999865e-02 1.099282000000000037e-02
3.210713999999999846e+00 1.779369999999999910e-02 1.052734999999999956e-02
3.217308000000000057e+00 1.913783000000000151e-02 1.161131999999999963e-02
3.223901999999999823e+00 7.686822000000000273e-03 9.253694999999999282e-03
3.230496000000000034e+00 1.587262000000000048e-02 9.307974000000000109e-03
3.237089999999999801e+00 5.567382000000000060e-03 9.686168000000000208e-03
3.243684000000000012e+00 2.722300999999999888e-02 1.454656999999999999e-02
3.250277000000000083e+00 1.851703999999999850e-02 1.004302999999999967e-02
3.256870000000000154e+00 1.392225000000000060e-02 8.657519000000000672e-03
3.263462999999999781e+00 1.776304000000000077e-02 1.120285000000000031e-02
3.270055999999999852e+00 1.485843000000000060e-02 9.645483999999999308e-03
3.276647999999999783e+00 1.783080999999999902e-02 9.286802999999999725e-03
3.283240000000000158e+00 1.942879999999999954e-02 1.239378000000000007e-02
3.289832999999999785e+00 1.991015000000000146e-02 1.248396000000000054e-02
3.296425000000000161e+00 1.667888999999999830e-02 1.102380000000000027e-02
3.303015999999999952e+00 5.968524000000000225e-03 9.377095000000000222e-03
3.309607999999999883e+00 8.178876999999999328e-03 9.287646000000000096e-03
3.316199000000000119e+00 1.611498000000000097e-02 1.026655999999999923e-02
3.322789999999999910e+00 1.225545999999999927e-02 8.389340999999999812e-03
3.329381000000000146e+00 1.805620000000000142e-02 1.003144000000000084e-02
3.335971999999999937e+00 1.296958999999999959e-02 8.491699999999999596e-03
3.342563000000000173e+00 2.984260000000000038e-02 1.595444000000000029e-02
3.349152999999999825e+00 1.899460999999999858e-02 1.142378999999999964e-02
3.355742999999999920e+00 1.014274000000000078e-02 8.655232000000000550e-03
3.362333000000000016e+00 9.925826000000000440e-03 8.721962999999999244e-03
3.368923000000000112e+00 1.722403000000000128e-02 8.523941999999999630e-03
3.375513000000000208e+00 2.015501000000000098e-02 1.091384999999999925e-02
3.382102000000000164e+00 1.206090999999999934e-02 9.634521999999999531e-03
3.388691000000000120e+00 1.426215999999999942e-02 8.710605999999999211e-03
3.395280000000000076e+00 1.431398000000000045e-02 7.016459000000000064e-03
3.401869000000000032e+00 1.199398999999999951e-02 9.749274000000000481e-03
3.408457999999999988e+00 3.475036999999999831e-03 8.888979999999999451e-03
3.415045999999999804e+00 1.696193999999999827e-02 1.025387999999999994e-02
3.421634000000000064e+00 3.649203000000000169e-02 1.711870000000000058e-02
3.428221999999999881e+00 1.088727999999999918e-02 9.031927000000000358e-03
3.434810000000000141e+00 1.032576999999999974e-02 9.071696000000000620e-03
3.441397999999999957e+00 1.125190000000000044e-02 8.620905999999999361e-03
3.447985000000000078e+00 1.639256000000000046e-02 1.114730000000000061e-02
3.454572000000000198e+00 7.748218999999999766e-03 8.649679999999999869e-03
3.461158999999999875e+00 5.764082000000000233e-03 1.006360000000000067e-02
3.467745999999999995e+00 9.732508000000000825e-03 9.759448999999999902e-03
3.474331999999999976e+00 2.147243999999999889e-02 1.190680000000000037e-02
3.480919000000000096e+00 1.937648000000000148e-02 1.152186000000000009e-02
3.487505000000000077e+00 1.092132999999999993e-02 8.724875999999999465e-03
3.494091000000000058e+00 1.577399999999999983e-02 1.033772999999999984e-02
3.500677000000000039e+00 1.858094999999999886e-02 1.045923999999999986e-02
3.507261999999999880e+00 2.449950999999999865e-02 1.405790999999999985e-02
3.513847000000000165e+00 1.352801999999999998e-02 8.450914000000000342e-03
3.520433000000000145e+00 8.685919999999999752e-03 9.096254999999999272e-03
3.527016999999999847e+00 2.961630999999999986e-02 1.329162000000000052e-02
3.533602000000000132e+00 2.247963000000000044e-02 1.069266999999999961e-02
3.540186999999999973e+00 2.545073999999999947e-02 1.214377999999999985e-02
3.546771000000000118e+00 1.469436000000000006e-02 7.656859000000000234e-03
3.553354999999999819e+00 4.740669999999999780e-03 9.348062000000000732e-03
3.559938999999999965e+00 6.997236999999999901e-03 9.786210999999999521e-03
3.566523000000000110e+00 1.417894999999999919e-02 8.351898999999999434e-03
3.573106000000000115e+00 1.864537000000000139e-02 1.088930999999999927e-02
3.579689000000000121e+00 1.993218000000000073e-02 1.264682999999999953e-02
3.586272000000000126e+00 1.715090000000000017e-02 1.155137999999999998e-02
3.592855000000000132e+00 2.028970999999999900e-02 1.294068999999999948e-02
3.599438000000000137e+00 2.046869000000000119e-02 1.166900000000000055e-02
3.606020000000000003e+00 1.998818999999999943e-02 1.048639999999999989e-02
3.612601999999999869e+00 1.206812999999999983e-02 8.403367999999999602e-03
3.619184000000000179e+00 8.135639000000000065e-03 8.851269999999999624e-03
3.625766000000000044e+00 1.707122000000000153e-02 1.125614999999999949e-02
3.632347000000000214e+00 1.017426999999999915e-02 9.553360000000000324e-03
3.638929000000000080e+00 1.589114999999999972e-02 1.159122999999999924e-02
3.645509999999999806e+00 8.884019999999999417e-03 8.081032000000000146e-03
3.652090999999999976e+00 8.497173999999999700e-03 8.381243000000000026e-03
3.658671000000000006e+00 1.333990999999999996e-02 9.432961000000000124e-03
3.665252000000000177e+00 1.577790000000000095e-02 9.906108000000000274e-03
3.671832000000000207e+00 8.371084000000000858e-03 8.359857000000000052e-03
3.678411999999999793e+00 8.170405000000000376e-03 8.883943999999999522e-03
3.684991999999999823e+00 6.100786000000000403e-03 8.933213000000000611e-03
3.691571999999999854e+00 4.575163000000000146e-03 1.023534000000000076e-02
3.698151000000000188e+00 1.517646999999999920e-02 1.038771999999999959e-02
3.704730000000000079e+00 1.952662000000000148e-02 1.001454000000000059e-02
3.711308999999999969e+00 2.312144000000000005e-02 1.368727999999999959e-02
3.717887999999999860e+00 1.949825999999999990e-02 1.123467000000000042e-02
3.724466000000000054e+00 1.997105999999999881e-02 1.134393000000000033e-02
3.731044999999999945e+00 2.085004000000000024e-02 1.257364000000000051e-02
3.737623000000000140e+00 1.476447000000000002e-02 1.030340000000000075e-02
3.744200999999999890e+00 2.148666999999999938e-02 1.379733999999999995e-02
3.750777999999999945e+00 1.093176000000000044e-02 9.350086000000000508e-03
3.757356000000000140e+00 1.987846999999999878e-02 1.260877999999999999e-02
3.763933000000000195e+00 1.299797999999999926e-02 1.013088000000000009e-02
3.770509999999999806e+00 1.120921000000000070e-02 9.221302000000000665e-03
3.777086000000000165e+00 1.165240000000000026e-02 9.291624000000000064e-03
3.783663000000000221e+00 2.084190000000000001e-02 1.199148000000000054e-02
3.790239000000000136e+00 1.633944000000000021e-02 1.201376000000000006e-02
3.796815000000000051e+00 1.299412999999999957e-02 9.737252999999999534e-03
3.803390999999999966e+00 2.889310999999999963e-02 1.498602999999999914e-02
3.809966999999999882e+00 1.716851999999999961e-02 1.166649999999999979e-02
3.816542000000000101e+00 1.057841999999999984e-02 9.326747999999999289e-03
3.823116999999999877e+00 4.681936999999999731e-03 9.938548000000000174e-03
3.829692000000000096e+00 1.459764000000000027e-02 9.463185000000000693e-03
3.836266999999999872e+00 2.458346000000000142e-02 1.697291999999999898e-02
3.842842000000000091e+00 1.125734999999999930e-02 9.330602999999999814e-03
3.849416000000000171e+00 9.048942000000000790e-03 9.018434999999999993e-03
3.855989999999999807e+00 3.237667999999999796e-02 1.777294999999999917e-02
3.862563999999999886e+00 8.582328999999999652e-03 9.007424999999999460e-03
3.869136999999999826e+00 8.238621999999999265e-03 9.185606000000000673e-03
3.875710999999999906e+00 1.681136000000000089e-02 1.061099000000000070e-02
3.882283999999999846e+00 4.957378999999999605e-03 8.852010000000000434e-03
3.888856999999999786e+00 2.301252000000000159e-02 1.389536000000000070e-02
3.895429000000000030e+00 1.046856000000000002e-02 8.406198999999999616e-03
3.902001999999999970e+00 5.643618999999999893e-03 8.906521000000000576e-03
3.908574000000000215e+00 8.520484999999999517e-03 9.467384000000000563e-03
3.915146000000000015e+00 1.423479000000000064e-02 1.005780000000000042e-02
3.921717999999999815e+00 2.439807000000000087e-02 1.341285000000000047e-02
3.928288999999999920e+00 2.623887999999999915e-02 1.633613999999999900e-02
3.934861000000000164e+00 1.718971999999999861e-02 1.238123000000000001e-02
3.941431999999999825e+00 1.840717000000000048e-02 1.257139999999999994e-02
3.948002999999999929e+00 4.030149000000000231e-03 8.713281999999999278e-03
3.954572999999999894e+00 1.636920999999999862e-02 1.255986000000000082e-02
3.961143999999999998e+00 1.451877000000000029e-02 1.108867000000000012e-02
3.967713999999999963e+00 1.821135999999999935e-02 1.315500000000000003e-02
3.974283999999999928e+00 3.204395000000000073e-03 8.241168000000000105e-03
3.980853000000000197e+00 5.642699999999999626e-03 8.426331000000000446e-03
3.987423000000000162e+00 1.203558000000000058e-02 9.134592000000000406e-03
3.993991999999999987e+00 1.473705999999999974e-02 1.080296000000000034e-02
4.000561000000000256e+00 1.770085999999999882e-02 1.192946999999999931e-02
4.007130000000000081e+00 8.610740999999999881e-03 8.747813000000000117e-03
4.013697999999999766e+00 1.121215000000000059e-02 8.675052000000000804e-03
4.020266000000000339e+00 1.326219000000000009e-02 9.677132999999999222e-03
4.026835000000000164e+00 1.571151999999999965e-02 1.101683999999999997e-02
4.033401999999999710e+00 1.394000999999999921e-02 1.032577999999999968e-02
4.039970000000000283e+00 8.294703999999999966e-03 8.919754999999999698e-03
4.046536999999999829e+00 1.060871000000000036e-02 9.773749999999999452e-03
4.053104000000000262e+00 1.314787000000000074e-02 8.090915000000000606e-03
4.059670999999999808e+00 1.472277999999999955e-02 1.082608000000000008e-02
4.066238000000000241e+00 3.842939000000000077e-02 2.164993999999999946e-02
4.072803999999999647e+00 1.808616999999999864e-02 1.384112000000000016e-02
4.079369999999999941e+00 6.097891999999999722e-03 8.087487000000000842e-03
4.085936000000000234e+00 7.227675999999999719e-03 8.827741000000000060e-03
4.092501999999999640e+00 7.374107999999999878e-03 8.282395999999999162e-03
4.099066999999999794e+00 6.962152000000000097e-03 7.918783999999999892e-03
4.105631999999999948e+00 1.861592999999999928e-02 1.245687000000000010e-02
4.112197000000000102e+00 1.137386999999999947e-02 1.193342000000000014e-02
4.118762000000000256e+00 1.099517000000000029e-02 8.906311999999999562e-03
4.125326000000000271e+00 9.877350000000000019e-03 8.066043999999999645e-03
4.131891000000000425e+00 3.721293000000000083e-03 9.021403000000000755e-03
4.138455000000000439e+00 1.520583000000000004e-02 1.096173999999999933e-02
4.145018000000000313e+00 9.226697000000000717e-03 8.539015000000000494e-03
4.151582000000000328e+00 8.042097999999999261e-03 9.382868000000000805e-03
4.158145000000000202e+00 1.000365999999999929e-02 9.379115999999999842e-03
4.164708000000000077e+00 1.523033000000000026e-02 1.106694000000000080e-02
4.171270999999999951e+00 2.044067999999999927e-02 1.377797000000000049e-02
4.177832999999999686e+00 1.193182999999999917e-02 9.417006999999999808e-03
4.184395000000000309e+00 2.680866000000000152e-02 1.780626000000000084e-02
4.190957000000000043e+00 1.285885999999999973e-02 1.044704999999999939e-02
4.197518999999999778e+00 2.872276999999999903e-03 9.116690000000000210e-03
4.204081000000000401e+00 1.283274000000000047e-02 1.052796999999999934e-02
4.210641999999999996e+00 1.238655999999999958e-02 9.365201999999999555e-03
4.217202999999999591e+00 7.342340999999999625e-03 9.458719000000000848e-03
4.223764000000000074e+00 3.005026000000000051e-03 7.454320999999999864e-03
4.230324000000000417e+00 1.163471999999999944e-02 1.005131000000000080e-02
4.236885000000000012e+00 1.047007999999999966e-02 9.672365999999999950e-03
4.243445000000000356e+00 1.379583000000000025e-02 1.233011000000000003e-02
4.250003999999999671e+00 1.361178000000000041e-02 1.039102000000000081e-02
4.256564000000000014e+00 1.676172000000000079e-02 1.251918999999999949e-02
4.263123000000000218e+00 1.172308000000000031e-02 1.002234999999999931e-02
4.269682000000000421e+00 1.087807000000000010e-02 8.845976000000000186e-03
4.276240999999999737e+00 1.615033999999999914e-02 1.199818000000000065e-02
4.282799999999999940e+00 1.335356000000000043e-02 1.063020999999999931e-02
4.289358000000000004e+00 6.415966999999999851e-03 7.873708000000000096e-03
4.295916000000000068e+00 1.724285999999999874e-02 1.324080000000000049e-02
4.302474000000000132e+00 1.070202999999999953e-02 9.261573000000000375e-03
4.309031000000000056e+00 8.075218000000000326e-03 1.007868999999999952e-02
4.315587999999999980e+00 1.162521000000000040e-02 8.780372999999999303e-03
4.322146000000000043e+00 1.632874999999999951e-02 1.147814999999999946e-02
4.328701999999999828e+00 1.717515999999999834e-02 1.280556000000000055e-02
4.335258999999999752e+00 1.223253000000000014e-02 9.281806999999999558e-03
4.341815000000000424e+00 1.303819999999999979e-02 9.228804999999999648e-03
4.348371000000000208e+00 4.879243000000000122e-03 9.355986999999999637e-03
4.354926999999999992e+00 1.084924999999999952e-02 9.667089000000000237e-03
4.361481999999999637e+00 2.450126999999999861e-02 1.661125000000000101e-02
4.368038000000000309e+00 5.973998999999999802e-03 9.274555999999999772e-03
4.374592999999999954e+00 1.539015000000000001e-02 1.228698999999999937e-02
4.381147000000000347e+00 6.635082999999999953e-03 8.717564000000000562e-03
4.387701999999999991e+00 2.589522999999999825e-03 9.190003999999999881e-03
4.394256000000000384e+00 3.503407000000000049e-03 8.018358999999999209e-03
4.400809999999999889e+00 1.164319999999999938e-02 7.970313999999999177e-03
4.407364000000000281e+00 1.034471999999999996e-02 8.433648999999999660e-03
4.413916999999999646e+00 1.705672000000000091e-02 1.283964999999999933e-02
4.420469999999999899e+00 6.249662999999999920e-03 8.046502999999999989e-03
4.427023000000000152e+00 2.315557999999999853e-02 1.523474000000000009e-02
4.433576000000000406e+00 7.866035000000000388e-03 9.768719999999999834e-03
4.440127999999999631e+00 1.836315999999999990e-02 1.221973999999999977e-02
4.446679999999999744e+00 2.060988000000000056e-02 1.279920000000000016e-02
4.453231999999999857e+00 1.893699000000000077e-02 1.492783999999999951e-02
4.459783999999999970e+00 5.760422000000000285e-03 9.510015999999999609e-03
4.466334999999999944e+00 1.074262999999999954e-02 9.412725999999999732e-03
4.472885999999999918e+00 4.392178000000000054e-03 9.514692999999999415e-03
4.479436999999999891e+00 2.158921999999999924e-02 1.369795000000000040e-02
4.485987999999999865e+00 1.847758000000000039e-02 1.109780999999999962e-02
4.492537999999999698e+00 1.025596999999999967e-02 7.839382000000000641e-03
4.499088000000000420e+00 1.239105000000000067e-02 9.593281999999999851e-03
4.505638000000000254e+00 1.752833999999999989e-02 1.207124000000000044e-02
4.512188000000000088e+00 1.997962000000000002e-02 1.218129000000000087e-02
4.518736999999999782e+00 5.714369999999999866e-03 1.006494999999999959e-02
4.525286000000000364e+00 1.242244999999999981e-02 1.029566999999999982e-02
4.531835000000000058e+00 8.522577999999999404e-03 9.244657999999999348e-03
4.538382999999999612e+00 3.439646000000000196e-03 9.428227000000000829e-03
4.544931000000000054e+00 3.693408999999999928e-03 8.074533999999999531e-03
4.551478999999999608e+00 1.129629000000000050e-02 8.988272999999999749e-03
4.558027000000000051e+00 9.286305999999999380e-03 9.647419000000000827e-03
4.564574000000000353e+00 1.479822000000000082e-02 1.299369000000000045e-02
4.571120999999999768e+00 5.763279999999999965e-03 9.723205999999999863e-03
4.577668000000000070e+00 1.063771999999999981e-02 9.103079999999999505e-03
4.584215000000000373e+00 9.123608999999999539e-03 8.530269000000000046e-03
4.590760999999999648e+00 6.995173000000000363e-03 8.466945000000000027e-03
4.597306999999999810e+00 1.777348000000000122e-02 1.392585999999999997e-02
4.603852999999999973e+00 8.518802000000000665e-03 8.290139999999999662e-03
4.610399000000000136e+00 5.813635000000000157e-03 8.561169999999999891e-03
4.616944000000000159e+00 1.013195000000000068e-02 9.642717999999999776e-03
4.623489000000000182e+00 1.222185999999999932e-02 9.942130999999999885e-03
4.630034000000000205e+00 7.369790999999999669e-03 8.775655999999999735e-03
4.636578000000000088e+00 9.118117999999999709e-03 8.519511000000000445e-03
4.643121999999999971e+00 8.817933000000000021e-03 9.171867000000000214e-03
4.649665999999999855e+00 3.132392999999999809e-03 9.378358999999999307e-03
4.656209999999999738e+00 5.864455000000000189e-03 9.469610999999999307e-03
4.662753000000000370e+00 9.365069000000000171e-03 1.022197000000000036e-02
4.669296000000000113e+00 1.232682000000000049e-02 1.029370999999999932e-02
4.675838999999999857e+00 1.235334000000000085e-02 8.470560999999999716e-03
4.682381999999999600e+00 8.049821000000000407e-03 8.302222999999999201e-03
4.688924000000000092e+00 1.320952000000000064e-02 1.045320999999999924e-02
4.695465999999999696e+00 1.170507999999999965e-02 8.901368999999999254e-03
4.702008000000000187e+00 1.200242999999999970e-02 9.400560999999999987e-03
4.708548999999999651e+00 1.632515999999999828e-02 1.304565000000000065e-02
4.715090000000000003e+00 3.738654999999999756e-02 2.370513000000000134e-02
4.721631000000000355e+00 3.820791999999999938e-03 8.814017000000000379e-03
4.728171999999999819e+00 6.042351999999999966e-03 8.392521999999999482e-03
4.734712000000000032e+00 2.183231999999999881e-02 1.506224999999999925e-02
4.741252000000000244e+00 8.105278000000000482e-03 9.633819000000000063e-03
4.747791999999999568e+00 1.317439999999999931e-02 1.062895999999999980e-02
4.754331999999999780e+00 1.544384000000000035e-02 1.186753999999999934e-02
4.760870999999999853e+00 5.318012000000000433e-03 8.620163000000000131e-03
4.767409999999999926e+00 4.399226000000000004e-03 8.812062000000000714e-03
4.773948999999999998e+00 9.019050000000000678e-03 1.003115000000000083e-02
4.780486999999999931e+00 1.507005999999999971e-02 1.243117000000000007e-02
4.787024999999999864e+00 2.449244000000000074e-02 1.644206000000000140e-02
4.793562999999999796e+00 1.023627000000000044e-02 9.769774999999999640e-03
4.800100999999999729e+00 8.745990999999999835e-03 7.986754000000000422e-03
4.806638000000000410e+00 1.185651000000000066e-02 9.898293000000000716e-03
4.813175000000000203e+00 1.326460999999999960e-02 9.827310000000000559e-03
4.819711999999999996e+00 1.061736999999999924e-02 1.006769000000000067e-02
4.826247999999999649e+00 3.274031000000000163e-03 9.161202000000000234e-03
4.832784000000000191e+00 8.856966000000000838e-03 9.863086000000000075e-03
4.839319999999999844e+00 2.745535999999999810e-03 8.949481000000000450e-03
4.845856000000000385e+00 1.707103999999999913e-02 1.183828999999999958e-02
4.852390999999999899e+00 1.521746000000000036e-02 1.139406999999999920e-02
4.858926000000000300e+00 1.062000999999999917e-02 8.274307999999999316e-03
4.865460999999999814e+00 1.027399000000000021e-02 9.225663000000000266e-03
4.871995000000000076e+00 1.300924000000000004e-02 1.150340000000000043e-02
4.878529999999999589e+00 1.194121000000000071e-02 8.870048000000000168e-03
4.885062999999999711e+00 1.255739999999999981e-02 8.806625999999999690e-03
4.891596999999999973e+00 5.790059000000000178e-03 8.771215000000000608e-03
4.898130000000000095e+00 5.115017000000000348e-03 1.021787000000000042e-02
4.904663000000000217e+00 1.463620000000000025e-02 1.183759000000000026e-02
4.911196000000000339e+00 1.496119999999999915e-02 1.150732999999999964e-02
4.917728999999999573e+00 7.061015000000000347e-03 8.960822000000000231e-03
4.924261000000000443e+00 1.630639000000000047e-02 1.376092999999999934e-02
4.930793000000000426e+00 1.399819000000000063e-02 1.127066999999999999e-02
4.937324000000000268e+00 6.348147999999999638e-03 1.071025999999999923e-02
4.943856000000000250e+00 1.132237000000000000e-02 9.244551000000000157e-03
4.950387000000000093e+00 1.487465999999999962e-02 1.046418999999999995e-02
4.956917999999999935e+00 9.188296000000000310e-03 8.964157000000000375e-03
4.963447999999999638e+00 8.919035999999999978e-03 8.747110000000000649e-03
4.969978000000000229e+00 2.824159999999999865e-02 1.800877999999999854e-02
4.976507999999999932e+00 1.914603999999999959e-02 1.602109999999999992e-02
4.983037999999999634e+00 1.373225999999999961e-02 1.090806000000000067e-02
4.989567000000000085e+00 3.033088000000000190e-03 8.816295999999999508e-03
4.996095999999999648e+00 8.416415000000000007e-03 8.099184000000000591e-03
5.002625000000000099e+00 1.372159000000000052e-02 1.061846999999999965e-02
5.009153000000000411e+00 1.420546999999999956e-02 1.112843999999999986e-02
5.015680999999999834e+00 1.050197999999999930e-02 1.018359999999999925e-02
5.022209000000000145e+00 1.650884999999999853e-02 1.174768999999999987e-02
5.028736999999999568e+00 1.099738999999999968e-03 9.576407999999999796e-03
5.035263999999999740e+00 8.669566000000000078e-03 8.210794000000000425e-03
5.041790999999999912e+00 1.688665000000000001e-03 9.655063000000000187e-03
5.048318000000000083e+00 4.139989000000000169e-03 8.687785999999999426e-03
5.054844000000000115e+00 1.104184000000000068e-02 9.068629999999999400e-03
5.061370000000000147e+00 3.459457999999999978e-02 1.896037000000000070e-02
5.067896000000000178e+00 1.235913999999999936e-02 8.776980000000000198e-03
5.074422000000000210e+00 1.141555000000000000e-02 9.825564999999999646e-03
5.080947000000000102e+00 1.690536000000000122e-02 1.151330000000000062e-02
5.087471999999999994e+00 1.071568999999999994e-02 1.085317000000000053e-02
5.093995999999999746e+00 8.794539999999999996e-03 9.387968999999999481e-03
5.100520999999999638e+00 5.586650999999999770e-03 9.207636999999999419e-03
5.107045000000000279e+00 2.406716999999999884e-02 1.557231000000000067e-02
5.113567999999999891e+00 9.661839000000000191e-03 9.774899000000000088e-03
5.120091999999999643e+00 3.548729000000000033e-03 9.261208999999999414e-03
5.126615000000000144e+00 9.178465000000000235e-03 9.197920000000000054e-03
5.133137999999999757e+00 1.599799000000000013e-02 1.247358999999999968e-02
5.139660000000000117e+00 1.231351999999999967e-02 1.094983000000000067e-02
5.146182999999999730e+00 2.314915000000000028e-02 1.484009000000000023e-02
5.152705000000000091e+00 9.154572999999999183e-03 9.064648999999999276e-03
5.159226000000000312e+00 2.691713999999999999e-03 7.872983999999999538e-03
5.165747999999999784e+00 7.393633000000000149e-03 8.533104999999999163e-03
5.172269000000000005e+00 3.476183999999999785e-03 8.672532999999999631e-03
5.178789000000000087e+00 1.038372000000000080e-02 9.525234000000000478e-03
5.185310000000000308e+00 8.257946999999999857e-03 8.596711999999999410e-03
5.191830000000000389e+00 2.421012000000000164e-02 1.525517000000000019e-02
5.198349999999999582e+00 1.891359999999999916e-02 1.547159000000000034e-02
5.204869000000000412e+00 4.278457999999999740e-03 9.822262000000000007e-03
5.211388999999999605e+00 1.429368999999999952e-02 1.156412000000000065e-02
5.217908000000000435e+00 1.209087000000000009e-02 1.028834999999999993e-02
5.224426000000000236e+00 9.607457999999999276e-03 8.160722999999999935e-03
5.230945000000000178e+00 1.442754000000000085e-03 9.903811000000000211e-03
5.237462999999999980e+00 1.084801999999999988e-02 9.888509999999999661e-03
5.243979999999999642e+00 7.215871999999999911e-03 1.057270000000000085e-02
5.250498000000000332e+00 8.465189999999999174e-03 9.007832999999999812e-03
5.257014999999999993e+00 3.512242999999999962e-03 8.610418999999999365e-03
5.263531999999999655e+00 7.313461999999999741e-03 9.802485999999999144e-03
5.270048000000000066e+00 1.728636999999999882e-02 1.223238999999999924e-02
5.276563999999999588e+00 1.591350000000000056e-02 1.207468000000000083e-02
5.283079999999999998e+00 9.613141999999999868e-03 9.097400000000000278e-03
5.289596000000000409e+00 1.174380000000000042e-02 9.951720000000000704e-03
5.296110999999999791e+00 1.152650000000000029e-02 1.059976999999999968e-02
5.302626000000000062e+00 7.581235000000000404e-03 8.576907999999999407e-03
5.309141000000000332e+00 1.757285000000000097e-02 1.258507000000000028e-02
5.315654999999999575e+00 1.414181999999999939e-02 1.177635999999999961e-02
5.322168999999999706e+00 1.285842000000000061e-02 1.074435999999999967e-02
5.328682999999999836e+00 7.366666000000000013e-03 8.683860999999999317e-03
5.335195999999999827e+00 2.892383000000000107e-03 9.003327999999999678e-03
5.341709999999999958e+00 5.457606000000000263e-03 8.206263000000000099e-03
5.348221999999999809e+00 7.086351000000000282e-03 7.815179999999999697e-03
5.354734999999999800e+00 4.450726999999999808e-03 9.382847999999999189e-03
5.361246999999999652e+00 6.261100000000000346e-03 9.703781999999999339e-03
5.367759000000000391e+00 1.729902999999999996e-02 1.268494000000000045e-02
5.374271000000000242e+00 4.071095999999999743e-03 9.530688000000000701e-03
5.380781999999999954e+00 1.617002000000000023e-02 1.416706000000000042e-02
5.387292999999999665e+00 1.172342000000000002e-02 9.898221000000000450e-03
5.393803000000000125e+00 1.848870999999999848e-02 1.176822999999999932e-02
5.400313999999999837e+00 1.940682000000000171e-02 1.562875000000000028e-02
5.406824000000000296e+00 2.106871999999999912e-02 1.799173999999999912e-02
5.413332999999999728e+00 7.216853999999999977e-03 9.687282000000000184e-03
5.419843000000000188e+00 2.223394999999999972e-03 9.999944999999999667e-03
5.426351999999999620e+00 5.895936000000000059e-03 8.686554000000000844e-03
5.432860999999999940e+00 1.548687999999999974e-02 1.046101999999999969e-02
5.439369000000000121e+00 8.788479000000000083e-03 8.356142999999999904e-03
5.445877000000000301e+00 2.041236000000000092e-02 1.380717000000000055e-02
5.452384999999999593e+00 1.106720999999999920e-02 9.020037999999999320e-03
5.458892999999999773e+00 5.927077000000000213e-03 9.716031999999999447e-03
5.465399999999999814e+00 1.466547999999999984e-02 1.301461999999999931e-02
5.471906999999999854e+00 1.892075999999999827e-02 1.283363000000000038e-02
5.478412999999999755e+00 4.293838000000000342e-03 8.075733999999999344e-03
5.484918999999999656e+00 1.040837000000000012e-02 8.975920999999999553e-03
5.491424999999999557e+00 3.922741000000000422e-03 9.507049999999999529e-03
5.497931000000000346e+00 1.541633000000000066e-02 1.217927000000000072e-02
5.504436000000000107e+00 5.893940999999999764e-03 9.518843000000000790e-03
5.510940999999999867e+00 2.719219000000000150e-02 1.876130999999999979e-02
5.517445999999999628e+00 1.246205000000000056e-02 1.041503000000000047e-02
5.523950000000000138e+00 2.056057000000000023e-02 1.619527000000000119e-02
5.530453999999999759e+00 1.233806999999999959e-02 1.172538000000000052e-02
5.536958000000000268e+00 7.148113999999999683e-03 1.018578000000000018e-02
5.543460999999999750e+00 8.271893000000000648e-03 1.001766999999999935e-02
5.549964000000000119e+00 8.109714000000000506e-03 9.469649000000000122e-03
5.556466999999999601e+00 1.998797000000000074e-03 9.185143999999999254e-03
5.562968999999999831e+00 5.757817999999999617e-03 1.043151999999999968e-02
5.569471000000000060e+00 6.800422999999999885e-03 8.194898000000000807e-03
5.575973000000000290e+00 1.229950999999999961e-02 1.100801000000000036e-02
5.582474999999999632e+00 7.294728000000000323e-03 8.620163000000000131e-03
5.588975999999999722e+00 3.252464000000000049e-03 8.903875000000000331e-03
5.595476999999999812e+00 1.240919000000000050e-02 1.151010000000000054e-02
5.601976999999999762e+00 1.850345000000000115e-02 1.475149000000000078e-02
5.608476999999999713e+00 7.099005999999999502e-04 9.040490999999999458e-03
5.614976999999999663e+00 9.089029999999999679e-04 9.343798999999999855e-03
5.621476999999999613e+00 9.782231000000000606e-03 9.319169000000000411e-03
5.627976000000000312e+00 3.054590000000000083e-02 2.147601000000000024e-02
5.634475000000000122e+00 4.624780000000000210e-03 9.910567000000000334e-03
5.640972999999999793e+00 4.070017999999999900e-03 8.203926000000000274e-03
5.647471000000000352e+00 1.338758999999999956e-02 1.152567000000000001e-02
5.653969000000000023e+00 8.123718999999999732e-03 9.353871999999999187e-03
5.660466999999999693e+00 6.098064999999999736e-03 1.076785000000000068e-02
5.666964000000000112e+00 8.115518000000000384e-03 1.019903999999999950e-02
5.673460999999999643e+00 1.067140999999999923e-02 9.614587000000000827e-03
5.679956999999999923e+00 5.675190000000000096e-03 9.724381000000000691e-03
5.686454000000000342e+00 2.680097000000000035e-02 1.941678999999999974e-02
5.692948999999999593e+00 8.929667999999999980e-03 8.993720000000000186e-03
5.699444999999999872e+00 9.836575000000000180e-03 9.504947999999999175e-03
5.705940000000000012e+00 4.227446999999999629e-03 8.875015999999999461e-03
5.712435000000000151e+00 1.202880999999999916e-02 1.089715999999999949e-02
5.718930000000000291e+00 6.644418000000000026e-03 8.996616000000000682e-03
5.725424000000000291e+00 1.125862000000000043e-02 1.034938000000000004e-02
5.731918000000000291e+00 1.134451000000000036e-02 9.806828000000000073e-03
5.738412000000000290e+00 1.623480999999999883e-02 1.320612000000000001e-02
5.744905000000000150e+00 1.231263999999999970e-02 1.025031000000000032e-02
5.751398000000000010e+00 9.274782999999999986e-03 7.013931999999999632e-03
5.757889999999999731e+00 1.052130000000000079e-02 8.413924999999999182e-03
5.764382999999999591e+00 1.239201000000000018e-02 9.809837999999999544e-03
5.770875000000000199e+00 3.453159999999999823e-03 8.739070999999999298e-03
5.777365999999999779e+00 2.570901000000000089e-02 1.798117999999999939e-02
5.783857000000000248e+00 9.739052999999999252e-03 1.094225000000000059e-02
5.790347999999999828e+00 8.441149999999999695e-03 1.016743999999999981e-02
5.796839000000000297e+00 6.174673999999999788e-03 9.248212999999999920e-03
5.803328999999999738e+00 6.456634000000000158e-03 9.691869999999999999e-03
5.809819000000000067e+00 1.608004999999999851e-02 1.353211999999999991e-02
5.816309000000000395e+00 4.857442000000000010e-03 8.842920000000000641e-03
5.822797999999999696e+00 1.324478000000000027e-03 9.788006999999999611e-03
5.829286999999999885e+00 1.826196000000000069e-02 1.476651000000000005e-02
5.835776000000000074e+00 1.907690999999999901e-02 1.603279999999999983e-02
5.842264000000000124e+00 3.229500000000000166e-03 8.207686000000000495e-03
5.848752000000000173e+00 9.853558999999999582e-03 1.018221000000000057e-02
5.855239000000000082e+00 1.408785000000000072e-02 1.130798000000000046e-02
5.861727000000000132e+00 3.033189999999999845e-02 2.299309000000000075e-02
5.868214000000000041e+00 9.471162999999999457e-03 1.058815999999999924e-02
5.874699999999999811e+00 6.163489999999999767e-03 8.720742999999999551e-03
5.881185999999999581e+00 8.237983000000000805e-03 8.182663999999999216e-03
5.887672000000000239e+00 1.713703000000000101e-02 1.628871999999999959e-02
5.894158000000000008e+00 8.113677999999999169e-03 1.065797999999999919e-02
5.900642999999999638e+00 3.711504999999999926e-03 8.699327999999999228e-03
5.907128000000000156e+00 1.399312999999999946e-02 1.220385000000000046e-02
5.913611999999999647e+00 8.529063999999999396e-03 9.283127000000000392e-03
5.920097000000000165e+00 6.928932999999999967e-03 8.352128000000000330e-03
5.926580999999999655e+00 6.292319000000000211e-03 9.526658000000000348e-03
5.933063999999999893e+00 1.641447000000000045e-02 1.335807999999999961e-02
5.939547000000000132e+00 1.318196999999999945e-02 1.219550999999999968e-02
5.946030000000000371e+00 2.547408000000000138e-03 9.064782000000000395e-03
5.952512999999999721e+00 9.800883999999999291e-03 1.010278000000000044e-02
5.958994999999999820e+00 8.758731000000000502e-03 9.383165000000000602e-03
5.965476999999999919e+00 1.298989000000000046e-02 1.099103000000000059e-02
5.971957999999999878e+00 1.217639000000000048e-02 1.170865999999999921e-02
5.978438999999999837e+00 7.138361000000000185e-03 9.753184999999999286e-03
5.984919999999999796e+00 1.772355000000000111e-02 1.517791999999999926e-02
5.991399999999999615e+00 1.946706000000000131e-02 1.589029999999999956e-02
5.997880000000000322e+00 2.408066999999999847e-03 9.387384000000000353e-03
6.004360000000000142e+00 1.311031000000000002e-02 1.314745999999999970e-02
6.010839999999999961e+00 3.660191000000000139e-03 9.774460999999999913e-03
6.017318999999999640e+00 4.566294999999999729e-03 9.492524000000000448e-03
6.023797000000000068e+00 1.054914000000000025e-02 1.202780999999999989e-02
6.030275999999999748e+00 9.320844999999999478e-03 9.756851999999999886e-03
6.036754000000000175e+00 4.104799000000000121e-03 8.836392999999999678e-03
6.043230999999999575e+00 3.693317000000000214e-03 9.400178000000000353e-03
6.049709000000000003e+00 9.922435999999999756e-03 9.849979999999999500e-03
6.056186000000000291e+00 4.945202999999999578e-03 8.302860999999999922e-03
6.062662000000000440e+00 5.724576999999999791e-03 9.071529999999999525e-03
6.069138999999999839e+00 6.057146999999999705e-03 9.503941000000000125e-03
6.075613999999999848e+00 1.194103000000000005e-02 1.011547999999999961e-02
6.082089999999999996e+00 8.010054000000000826e-03 7.707343999999999654e-03
6.088565000000000005e+00 7.601893000000000192e-03 9.459606000000000611e-03
6.095040000000000013e+00 1.878352000000000147e-02 1.629409000000000066e-02
6.101515000000000022e+00 9.838925000000000101e-03 1.035177999999999966e-02
6.107988999999999891e+00 4.311426000000000147e-03 9.422642000000000170e-03
6.114462999999999759e+00 6.551139000000000094e-03 9.522159999999999999e-03
6.120936000000000377e+00 7.678660000000000346e-03 9.131281999999999247e-03
6.127409000000000106e+00 1.910274000000000000e-03 8.965966000000000560e-03
6.133881999999999834e+00 2.799528999999999820e-03 8.060266999999999432e-03
6.140354999999999563e+00 5.588288000000000283e-03 9.316464999999999469e-03
6.146827000000000041e+00 8.710425000000000806e-03 1.005700999999999991e-02
6.153298000000000378e+00 1.540226999999999916e-02 1.230226000000000063e-02
6.159769999999999968e+00 1.008653999999999974e-02 8.556139000000000799e-03
6.166241000000000305e+00 5.800289000000000139e-03 9.490867000000000053e-03
6.172710999999999615e+00 4.104789999999999654e-03 9.787643000000000384e-03
6.179181999999999952e+00 1.863951000000000149e-02 1.381019999999999991e-02
6.185652000000000150e+00 1.696164000000000005e-02 1.248014000000000068e-02
6.192121000000000208e+00 1.458387000000000051e-02 1.284575999999999947e-02
6.198590000000000266e+00 7.976544999999999816e-03 8.913937999999999723e-03
6.205059000000000324e+00 1.670046000000000030e-02 1.360033000000000075e-02
6.211528000000000382e+00 1.884633000000000141e-02 1.240169999999999988e-02
6.217996000000000301e+00 2.451798999999999992e-02 1.626255999999999882e-02
6.224464000000000219e+00 1.561468000000000057e-02 1.367492000000000013e-02
6.230930999999999997e+00 2.481876000000000047e-03 8.939990000000000089e-03
6.237397999999999776e+00 9.734583999999999251e-03 9.769272000000000719e-03
6.243865000000000443e+00 1.500567000000000047e-02 1.382552000000000086e-02
6.250332000000000221e+00 6.737952999999999651e-03 9.074919000000000735e-03
6.256797999999999860e+00 6.686717000000000008e-03 9.304500999999999744e-03
6.263263000000000247e+00 9.976353000000000304e-03 1.121867999999999997e-02
6.269728999999999886e+00 4.929354999999999848e-03 1.026250000000000079e-02
6.276193000000000133e+00 1.741565000000000127e-02 1.447605000000000072e-02
6.282657999999999632e+00 3.074392999999999918e-03 9.103307999999999192e-03
6.289121999999999879e+00 2.237418000000000132e-03 8.682109999999999828e-03
6.295586000000000126e+00 1.139398999999999967e-02 1.119991000000000042e-02
6.302050000000000374e+00 1.253343999999999986e-02 1.044725999999999988e-02
6.308512999999999593e+00 1.755686000000000052e-02 1.651657000000000125e-02
6.314975999999999701e+00 5.462584999999999837e-03 9.847668000000000393e-03
6.321437999999999668e+00 5.500144999999999687e-03 8.831962999999999966e-03
6.327899999999999636e+00 6.634754999999999993e-03 9.407280000000000503e-03
6.334361999999999604e+00 6.633472999999999974e-03 8.825113000000000749e-03
6.340823000000000320e+00 8.217596000000000622e-03 9.485488000000000253e-03
6.347284000000000148e+00 1.326015000000000050e-03 9.555614999999999942e-03
6.353744999999999976e+00 5.324335000000000352e-03 8.788399000000000558e-03
6.360204999999999664e+00 2.563023000000000211e-03 9.173807000000000836e-03
6.366665000000000241e+00 1.624615000000000087e-02 1.341909999999999978e-02
6.373123999999999789e+00 3.261856999999999951e-03 9.880412999999999349e-03
6.379584000000000366e+00 9.035242000000000620e-03 1.021255000000000079e-02
6.386041999999999774e+00 1.336549000000000070e-02 1.037659999999999971e-02
6.392501000000000211e+00 1.497679000000000024e-02 1.278201999999999984e-02
6.398958999999999619e+00 2.314905000000000088e-02 1.408228000000000084e-02
6.405416999999999916e+00 9.785639999999999963e-03 8.711039000000000282e-03
6.411874000000000073e+00 2.142952999999999872e-02 1.862720000000000001e-02
6.418331000000000230e+00 9.916762000000000840e-03 9.665269000000000638e-03
6.424787000000000248e+00 1.125116999999999914e-03 8.939302999999999139e-03
6.431244000000000405e+00 2.361863999999999977e-02 1.721856000000000081e-02
6.437700000000000422e+00 1.384473999999999948e-02 1.216714999999999984e-02
6.444155000000000300e+00 7.068363999999999724e-03 9.378317000000000597e-03
6.450610000000000177e+00 7.939320999999999184e-03 9.703345000000000373e-03
6.457065000000000055e+00 1.050071999999999985e-02 1.037776999999999970e-02
6.463518999999999792e+00 1.860417000000000060e-03 9.290242000000000638e-03
6.469973000000000418e+00 4.285431000000000136e-03 9.116265000000000132e-03
6.476427000000000156e+00 2.437154999999999877e-02 1.857616000000000128e-02
6.482879999999999754e+00 7.830758000000000163e-03 1.023009000000000071e-02
6.489333000000000240e+00 5.982801000000000265e-03 9.725721999999999146e-03
6.495785999999999838e+00 7.539347000000000062e-03 9.050535999999999651e-03
6.502238000000000184e+00 4.035290999999999878e-03 9.127628000000000477e-03
6.508689999999999642e+00 1.284731000000000067e-02 1.191183999999999993e-02
6.515140999999999849e+00 1.640124000000000096e-02 1.459818000000000053e-02
6.521592000000000056e+00 3.279507000000000082e-03 9.284890999999999978e-03
6.528043000000000262e+00 1.112665000000000008e-02 9.850555000000000422e-03
6.534493000000000329e+00 4.488067999999999572e-03 9.764692999999999637e-03
6.540943000000000396e+00 1.511148999999999999e-02 1.315080000000000068e-02
6.547392999999999574e+00 8.101551999999999712e-03 1.000802999999999936e-02
6.553842000000000390e+00 1.220510999999999992e-02 9.992206000000000005e-03
6.560291000000000317e+00 1.131740000000000003e-02 1.009560999999999965e-02
6.566739000000000104e+00 1.994531999999999815e-03 1.000323000000000011e-02
6.573186999999999891e+00 2.260523999999999867e-03 9.952399000000000662e-03
6.579634999999999678e+00 5.020951000000000060e-03 9.593723999999999655e-03
6.586082000000000214e+00 9.530471999999999902e-03 8.913858000000000198e-03
6.592528999999999861e+00 5.663884000000000106e-03 9.358280999999999544e-03
6.598976000000000397e+00 1.763916000000000095e-02 1.400971999999999981e-02
6.605421999999999905e+00 1.735756000000000104e-02 1.426455000000000084e-02
6.611868000000000301e+00 1.214449000000000084e-02 1.101364999999999983e-02
6.618312999999999668e+00 1.649174999999999947e-02 1.479219000000000020e-02
6.624757999999999925e+00 6.134765999999999830e-03 8.333860999999999700e-03
6.631203000000000181e+00 7.917897000000000129e-03 9.653831999999999344e-03
6.637647000000000297e+00 1.380292999999999971e-02 1.184392000000000084e-02
6.644091000000000413e+00 1.242487999999999926e-02 1.233420999999999997e-02
6.650534999999999641e+00 2.455254999999999937e-03 1.002853000000000078e-02
6.656977999999999618e+00 5.021166999999999991e-03 9.127351000000000561e-03
6.663420999999999594e+00 1.601431000000000035e-02 1.312576000000000020e-02
6.669863000000000319e+00 1.347051999999999972e-02 1.124379000000000003e-02
6.676305000000000156e+00 8.578753999999999200e-03 9.154446000000000111e-03
6.682746999999999993e+00 9.258018999999999277e-03 9.311546999999999880e-03
6.689187999999999690e+00 1.456638000000000030e-02 1.112457000000000029e-02
6.695629000000000275e+00 7.257159000000000006e-03 9.357156999999999628e-03
6.702068999999999832e+00 2.130442999999999920e-02 1.762121999999999994e-02
6.708509000000000277e+00 1.051045999999999925e-02 1.009859999999999924e-02
6.714948999999999835e+00 4.939780999999999860e-03 9.809104000000000781e-03
6.721389000000000280e+00 2.018461999999999947e-03 9.726811000000000137e-03
6.727827999999999697e+00 2.389084999999999993e-03 8.896150000000000238e-03
6.734265999999999863e+00 9.936721000000000789e-03 1.035528999999999963e-02
6.740704000000000029e+00 1.364246000000000035e-02 1.067820000000000054e-02
6.747142000000000195e+00 1.186886000000000017e-02 1.032818999999999925e-02
6.753580000000000361e+00 9.086019000000000734e-03 9.134255000000000846e-03
6.760017000000000387e+00 1.172613999999999948e-02 1.136939000000000005e-02
6.766453000000000273e+00 5.378823999999999932e-03 9.428106999999999807e-03
6.772890000000000299e+00 2.234045999999999949e-02 1.645869999999999972e-02
6.779326000000000185e+00 7.110209999999999621e-03 1.081326999999999983e-02
6.785760999999999932e+00 2.847364000000000145e-02 1.885935000000000042e-02
6.792195999999999678e+00 5.227489000000000094e-03 7.470885000000000026e-03
6.798631000000000313e+00 7.767555000000000206e-04 8.318722000000000616e-03
6.805064999999999920e+00 3.847174000000000080e-03 8.440173000000000467e-03
6.811499000000000414e+00 2.087044000000000052e-02 1.719230000000000064e-02
6.817933000000000021e+00 7.876216999999999593e-03 9.925339999999999510e-03
6.824366000000000376e+00 6.491926999999999767e-03 1.032136999999999985e-02
6.830798999999999843e+00 4.946372999999999569e-03 9.010893000000000722e-03
6.837231000000000058e+00 1.517604000000000002e-02 1.224631999999999978e-02
6.843663000000000274e+00 9.041544000000000317e-03 1.035488000000000033e-02
6.850094999999999601e+00 1.127521000000000079e-02 1.034775999999999925e-02
6.856525999999999677e+00 1.880145000000000080e-02 1.511903000000000032e-02
6.862956999999999752e+00 1.272631999999999930e-02 1.275545999999999972e-02
6.869387999999999828e+00 1.307068999999999939e-02 1.349011999999999954e-02
6.875817999999999763e+00 5.959876000000000236e-03 9.253733999999999571e-03
6.882246999999999559e+00 1.132226000000000066e-02 1.150481000000000073e-02
6.888677000000000383e+00 3.576737999999999879e-03 9.542447000000000776e-03
6.895106000000000179e+00 6.542997000000000049e-03 8.221782999999999869e-03
6.901533999999999835e+00 1.565735000000000043e-02 1.327851000000000031e-02
6.907962000000000380e+00 8.798797000000000562e-03 9.204029000000000724e-03
6.914390000000000036e+00 4.164832000000000256e-03 9.959851999999999941e-03
6.920817000000000441e+00 3.522211999999999826e-03 8.998097000000000040e-03
6.927243999999999957e+00 6.836314999999999927e-03 9.602912999999999380e-03
6.933671000000000362e+00 1.282676999999999949e-02 1.136402000000000072e-02
6.940096999999999738e+00 2.242987000000000106e-02 1.875757000000000119e-02
6.946523000000000003e+00 3.321917000000000186e-03 1.030159999999999930e-02
6.952948000000000128e+00 3.128400999999999838e-03 1.008970000000000006e-02
6.959373000000000253e+00 1.588896000000000058e-02 1.262652000000000045e-02
6.965798000000000378e+00 9.905607000000000301e-03 9.545420000000000640e-03
6.972222000000000364e+00 5.815518999999999897e-03 9.474819000000000643e-03
6.978646000000000349e+00 1.839790999999999996e-02 1.503671999999999995e-02
6.985069000000000194e+00 7.301661000000000089e-03 1.008163999999999935e-02
6.991492000000000040e+00 1.564629000000000020e-02 1.359913999999999915e-02
