6.283231802750859174e+01 1.331824199999999958e-01 1.331824199999999967e-03 3.361308499999999871e-04 1.331824199999999967e-03
7.234129067139417657e+01 1.331241400000000019e-01 1.331824199999999967e-03 2.563999999999999981e-04 1.331824199999999967e-03
8.328391655637484803e+01 1.335521199999999964e-01 1.331824199999999967e-03 2.494367099999999973e-04 1.331824199999999967e-03
9.589426318469897126e+01 1.337087999999999888e-01 1.331824199999999967e-03 3.131374499999999982e-04 1.331824199999999967e-03
1.104210441635659521e+02 1.337542499999999912e-01 1.331824199999999967e-03 4.271232799999999754e-04 1.331824199999999967e-03
1.271421899118535350e+02 1.337603300000000106e-01 1.331824199999999967e-03 5.825751000000000323e-04 1.331824199999999967e-03
1.463941838523171555e+02 1.338708399999999910e-01 1.331824199999999967e-03 6.750989100000000026e-04 1.331824199999999967e-03
1.685573911738975141e+02 1.338866499999999959e-01 1.331824199999999967e-03 8.999047599999999807e-04 1.331824199999999967e-03
1.940706798039304886e+02 1.338243600000000033e-01 1.331824199999999967e-03 9.507291800000000235e-04 1.331824199999999967e-03
2.234607126180492287e+02 1.338293600000000083e-01 1.331824199999999967e-03 1.154826999999999980e-03 1.331824199999999967e-03
2.572833567371945378e+02 1.338985099999999984e-01 1.331824199999999967e-03 1.259682999999999940e-03 1.331824199999999967e-03
2.962408586504086543e+02 1.339096300000000017e-01 1.331824199999999967e-03 1.441519399999999966e-03 1.331824199999999967e-03
3.410939298860171789e+02 1.337622599999999939e-01 1.331824199999999967e-03 1.610560800000000086e-03 1.331824199999999967e-03
3.927349147045309792e+02 1.337422600000000017e-01 1.331824199999999967e-03 1.828039100000000087e-03 1.331824199999999967e-03
4.521879094791673310e+02 1.336844000000000088e-01 1.331824199999999967e-03 2.062468999999999934e-03 1.331824199999999967e-03
5.206524434001051986e+02 1.336656400000000022e-01 1.331824199999999967e-03 2.347213400000000040e-03 1.331824199999999967e-03
5.994744690079219254e+02 1.335792700000000000e-01 1.331824199999999967e-03 2.688732200000000169e-03 1.331824199999999967e-03
6.902338555489961891e+02 1.335040899999999919e-01 1.331824199999999967e-03 3.079121900000000075e-03 1.331824199999999967e-03
7.947301387112306656e+02 1.334150699999999967e-01 1.331824199999999967e-03 3.530220599999999917e-03 1.331824199999999967e-03
9.150404453093991606e+02 1.332693799999999928e-01 1.331824199999999967e-03 4.058053699999999639e-03 1.331824199999999967e-03
1.053578775138520314e+03 1.331435300000000099e-01 1.331824199999999967e-03 4.598654800000000036e-03 1.331824199999999967e-03
1.213095404071252688e+03 1.329930099999999948e-01 1.331824199999999967e-03 5.211820800000000094e-03 1.331824199999999967e-03
1.396750083166723698e+03 1.328091299999999975e-01 1.331824199999999967e-03 5.944479699999999714e-03 1.331824199999999967e-03
1.608214831582155512e+03 1.325709399999999982e-01 1.331824199999999967e-03 6.755833000000000151e-03 1.331824199999999967e-03
1.851688325067217647e+03 1.321866100000000099e-01 1.331824199999999967e-03 7.648524799999999700e-03 1.331824199999999967e-03
2.132027151705094184e+03 1.318177700000000008e-01 1.331824199999999967e-03 8.662827300000000216e-03 1.331824199999999967e-03
2.454805502172903289e+03 1.313783699999999943e-01 1.331824199999999967e-03 9.785350400000000087e-03 1.331824199999999967e-03
2.826445106013847635e+03 1.308113899999999996e-01 1.331824199999999967e-03 1.107480299999999938e-02 1.331824199999999967e-03
3.254363263483052378e+03 1.301402999999999865e-01 1.331824199999999967e-03 1.238642199999999936e-02 1.331824199999999967e-03
3.747059113681833423e+03 1.293201099999999881e-01 1.331824199999999967e-03 1.387535999999999978e-02 1.331824199999999967e-03
4.314349316838569393e+03 1.282734299999999938e-01 1.331824199999999967e-03 1.546559599999999986e-02 1.331824199999999967e-03
4.967513007393736189e+03 1.270850599999999997e-01 1.331824199999999967e-03 1.719382599999999886e-02 1.331824199999999967e-03
5.719584653267079375e+03 1.256585100000000010e-01 1.331824199999999967e-03 1.900902399999999937e-02 1.331824199999999967e-03
6.585500139916001899e+03 1.240012600000000020e-01 1.331824199999999967e-03 2.087456400000000170e-02 1.331824199999999967e-03
7.582507816318358891e+03 1.220879599999999954e-01 1.331824199999999967e-03 2.284062300000000087e-02 1.331824199999999967e-03
8.730474674592482188e+03 1.198800700000000052e-01 1.331824199999999967e-03 2.480001600000000112e-02 1.331824199999999967e-03
1.005222061545551696e+04 1.174052700000000060e-01 1.331824199999999967e-03 2.676725599999999969e-02 1.331824199999999967e-03
1.157407909684838341e+04 1.146231300000000036e-01 1.331824199999999967e-03 2.864158899999999855e-02 1.331824199999999967e-03
1.332634763832230237e+04 1.115160500000000054e-01 1.331824199999999967e-03 3.040185399999999899e-02 1.331824199999999967e-03
1.534388660859856827e+04 1.081279299999999971e-01 1.331824199999999967e-03 3.195752599999999999e-02 1.331824199999999967e-03
1.766688263258336519e+04 1.044721200000000016e-01 1.331824199999999967e-03 3.327637499999999693e-02 1.331824199999999967e-03
2.034156550281133968e+04 1.006077199999999977e-01 1.331824199999999967e-03 3.427660800000000008e-02 1.331824199999999967e-03
2.342118207316817279e+04 9.659151700000000174e-02 1.331824199999999967e-03 3.492661200000000271e-02 1.331824199999999967e-03
2.696703235614777805e+04 9.255956899999999432e-02 1.331824199999999967e-03 3.522288099999999755e-02 1.331824199999999967e-03
3.104971296522456032e+04 8.862633999999999790e-02 1.331824199999999967e-03 3.521013600000000299e-02 1.331824199999999967e-03
3.575049313243570214e+04 8.485738900000000529e-02 1.331824199999999967e-03 3.490741900000000203e-02 1.331824199999999967e-03
4.116295399142781389e+04 8.139982799999999352e-02 1.331824199999999967e-03 3.441300199999999809e-02 1.331824199999999967e-03
4.739482138261101500e+04 7.842756800000000306e-02 1.331824199999999967e-03 3.383569000000000160e-02 1.331824199999999967e-03
5.457018821580209624e+04 7.626921700000000026e-02 1.331824199999999967e-03 3.337118000000000029e-02 1.331824199999999967e-03
6.283185307179586380e+04 7.559221200000000584e-02 1.331824199999999967e-03 3.335206999999999755e-02 1.331824199999999967e-03
6.575416255816508783e+04 7.167553200000000013e-02 1.331824199999999967e-03 3.174068000000000028e-02 1.331824199999999967e-03
7.166161338397533109e+04 6.989154200000000094e-02 1.331824199999999967e-03 3.096704000000000123e-02 1.331824199999999967e-03
7.809974204082996584e+04 6.816300699999999768e-02 1.331824199999999967e-03 3.019726999999999828e-02 1.331824199999999967e-03
8.511636356891662581e+04 6.650236199999999542e-02 1.331824199999999967e-03 2.942565100000000058e-02 1.331824199999999967e-03
9.276331424701954529e+04 6.491555999999999715e-02 1.331824199999999967e-03 2.868145000000000069e-02 1.331824199999999967e-03
1.010973312384625460e+05 6.339994100000000132e-02 1.331824199999999967e-03 2.794435099999999922e-02 1.331824199999999967e-03
1.101800463079237670e+05 6.194762899999999711e-02 1.331824199999999967e-03 2.723277899999999863e-02 1.331824199999999967e-03
1.200788403346373816e+05 6.053860099999999744e-02 1.331824199999999967e-03 2.654482099999999969e-02 1.331824199999999967e-03
1.308668684451349109e+05 5.918072199999999811e-02 1.331824199999999967e-03 2.587754999999999916e-02 1.331824199999999967e-03
1.426241595706738590e+05 5.785929000000000072e-02 1.331824199999999967e-03 2.522855099999999837e-02 1.331824199999999967e-03
1.554377106950174784e+05 5.660476899999999922e-02 1.331824199999999967e-03 2.460910900000000054e-02 1.331824199999999967e-03
1.694024670313425595e+05 5.535136899999999749e-02 1.331824199999999967e-03 2.401081999999999869e-02 1.331824199999999967e-03
1.846218498098052223e+05 5.416042000000000078e-02 1.331824199999999967e-03 2.342957999999999846e-02 1.331824199999999967e-03
2.012085165429632762e+05 5.298604099999999761e-02 1.331824199999999967e-03 2.287082899999999877e-02 1.331824199999999967e-03
2.192854228840928117e+05 5.185576900000000294e-02 1.331824199999999967e-03 2.234831099999999918e-02 1.331824199999999967e-03
2.389863504147544154e+05 5.074461200000000144e-02 1.331824199999999967e-03 2.182695999999999942e-02 1.331824199999999967e-03
2.604572512464485189e+05 4.965463999999999989e-02 1.331824199999999967e-03 2.134207100000000065e-02 1.331824199999999967e-03
2.838571590824850718e+05 4.859154999999999724e-02 1.331824199999999967e-03 2.086508999999999933e-02 1.331824199999999967e-03
3.093592824922272121e+05 4.754790999999999879e-02 1.331824199999999967e-03 2.040744900000000112e-02 1.331824199999999967e-03
3.371525819906030083e+05 4.653232200000000096e-02 1.331824199999999967e-03 1.996546100000000032e-02 1.331824199999999967e-03
3.674428130468666204e+05 4.552672099999999916e-02 1.331824199999999967e-03 1.953527000000000041e-02 1.331824199999999967e-03
4.004544738720436580e+05 4.455396899999999882e-02 1.331824199999999967e-03 1.912087000000000162e-02 1.331824199999999967e-03
4.364318672772478894e+05 4.359286999999999884e-02 1.331824199999999967e-03 1.871641900000000150e-02 1.331824199999999967e-03
4.756415950982480426e+05 4.263654000000000055e-02 1.331824199999999967e-03 1.831924000000000052e-02 1.331824199999999967e-03
5.183739781953479396e+05 4.170732900000000132e-02 1.331824199999999967e-03 1.793254899999999902e-02 1.331824199999999967e-03
5.649453937983198557e+05 4.078977200000000192e-02 1.331824199999999967e-03 1.756109999999999963e-02 1.331824199999999967e-03
6.157009647097164998e+05 3.989195100000000188e-02 1.331824199999999967e-03 1.718996100000000013e-02 1.331824199999999967e-03
6.710165447914282558e+05 3.900862100000000027e-02 1.331824199999999967e-03 1.683072899999999913e-02 1.331824199999999967e-03
7.313018228582241572e+05 3.813555099999999670e-02 1.331824199999999967e-03 1.648014000000000076e-02 1.331824199999999967e-03
7.970025783412782475e+05 3.727609999999999951e-02 1.331824199999999967e-03 1.612713899999999867e-02 1.331824199999999967e-03
8.686063864204275887e+05 3.643135000000000123e-02 1.331824199999999967e-03 1.578167999999999932e-02 1.331824199999999967e-03
9.466435479355979478e+05 3.560109100000000137e-02 1.331824199999999967e-03 1.544029000000000061e-02 1.331824199999999967e-03
1.031691487616519327e+06 3.478724899999999925e-02 1.331824199999999967e-03 1.510837999999999938e-02 1.331824199999999967e-03
1.124380408949502045e+06 3.398586099999999915e-02 1.331824199999999967e-03 1.478143999999999986e-02 1.331824199999999967e-03
1.225396498601942789e+06 3.319728000000000262e-02 1.331824199999999967e-03 1.445401999999999972e-02 1.331824199999999967e-03
1.335487895448367577e+06 3.242433100000000068e-02 1.331824199999999967e-03 1.412364999999999975e-02 1.331824199999999967e-03
1.455469717118676752e+06 3.167362900000000175e-02 1.331824199999999967e-03 1.380000999999999971e-02 1.331824199999999967e-03
1.586230971501983237e+06 3.093897899999999840e-02 1.331824199999999967e-03 1.347074000000000014e-02 1.331824199999999967e-03
1.728740462940801168e+06 3.021572000000000147e-02 1.331824199999999967e-03 1.314410000000000057e-02 1.331824199999999967e-03
1.884053389575617854e+06 2.951868100000000147e-02 1.331824199999999967e-03 1.281539999999999936e-02 1.331824199999999967e-03
2.053319260158382356e+06 2.883273000000000086e-02 1.331824199999999967e-03 1.248257000000000012e-02 1.331824199999999967e-03
2.237792952458644286e+06 2.816463099999999900e-02 1.331824199999999967e-03 1.215101000000000028e-02 1.331824199999999967e-03
2.438839174325122964e+06 2.751547999999999841e-02 1.331824199999999967e-03 1.181545999999999985e-02 1.331824199999999967e-03
2.657948171648975927e+06 2.687768100000000049e-02 1.331824199999999967e-03 1.148977999999999978e-02 1.331824199999999967e-03
2.896742011549103539e+06 2.625210999999999864e-02 1.331824199999999967e-03 1.116229000000000006e-02 1.331824199999999967e-03
3.156989599185036495e+06 2.564069999999999891e-02 1.331824199999999967e-03 1.084148000000000056e-02 1.331824199999999967e-03
3.440618113154193386e+06 2.504358099999999879e-02 1.331824199999999967e-03 1.051724000000000062e-02 1.331824199999999967e-03
3.749728839118854143e+06 2.445843099999999923e-02 1.331824199999999967e-03 1.019125000000000066e-02 1.331824199999999967e-03
4.086610050336039625e+06 2.389517999999999850e-02 1.331824199999999967e-03 9.855220099999999206e-03 1.331824199999999967e-03
4.453756611195673235e+06 2.332963000000000051e-02 1.331824199999999967e-03 9.506957599999999245e-03 1.331824199999999967e-03
4.853889455095027573e+06 2.277160099999999895e-02 1.331824199999999967e-03 9.169979999999999451e-03 1.331824199999999967e-03
5.289970035764936358e+06 2.219834000000000043e-02 1.331824199999999967e-03 8.857179399999999883e-03 1.331824199999999967e-03
5.765228538771820255e+06 2.164193999999999840e-02 1.331824199999999967e-03 8.507374700000000511e-03 1.331824199999999967e-03
6.283185307179586031e+06 2.186733999999999900e-02 1.331824199999999967e-03 8.931051000000000614e-03 1.331824199999999967e-03
