5.179699000000000109e-02 7.459112999999999829e+02 4.866089999999999804e+01
5.843761000000000094e-02 7.614044999999999845e+02 4.956925999999999988e+01
6.507823999999999554e-02 7.172722999999999729e+02 4.670091000000000037e+01
7.171885999999999539e-02 6.790253000000000156e+02 4.413839999999999719e+01
7.835947999999999525e-02 6.169461000000000013e+02 4.014952000000000254e+01
8.500009000000000037e-02 6.063864999999999554e+02 3.945300000000000296e+01
9.164070000000000549e-02 6.401630999999999858e+02 4.165014999999999645e+01
9.828130000000000199e-02 5.423419999999999845e+02 3.524051000000000045e+01
1.049218999999999985e-01 4.919316999999999780e+02 3.197683999999999926e+01
1.115624999999999950e-01 4.578347999999999729e+02 2.974815999999999860e+01
1.182031000000000054e-01 4.592751999999999839e+02 2.986431999999999931e+01
1.248437000000000019e-01 4.329451000000000249e+02 2.816270000000000095e+01
1.314841999999999955e-01 3.592051999999999907e+02 2.338231999999999999e+01
1.381247999999999920e-01 4.008942999999999870e+02 2.606146000000000029e+01
1.447653000000000134e-01 3.180350000000000250e+02 2.069997000000000043e+01
1.514059000000000099e-01 3.354909000000000106e+02 2.182963000000000164e+01
1.580464000000000035e-01 2.980659999999999741e+02 1.941666999999999987e+01
1.646868999999999972e-01 2.835308999999999742e+02 1.845858000000000132e+01
1.713274999999999937e-01 2.572533999999999992e+02 1.681118999999999986e+01
1.779679999999999873e-01 2.316537999999999897e+02 1.514119999999999955e+01
1.846085000000000087e-01 2.145155000000000030e+02 1.400291999999999959e+01
1.912488999999999995e-01 1.831406000000000063e+02 1.198985000000000056e+01
1.978893999999999931e-01 1.873776000000000010e+02 1.226392000000000060e+01
2.045298999999999867e-01 1.711570000000000107e+02 1.120735999999999954e+01
2.111703000000000052e-01 1.492675000000000125e+02 9.831343999999999639e+00
2.178107999999999989e-01 1.399356999999999971e+02 9.221152000000000015e+00
2.244511999999999896e-01 1.234728999999999957e+02 8.127554999999999197e+00
2.310916000000000081e-01 1.151833000000000027e+02 7.560217999999999883e+00
2.377319999999999989e-01 1.097643999999999949e+02 7.250477000000000061e+00
2.443723999999999896e-01 1.029963999999999942e+02 6.784277000000000335e+00
2.510126999999999775e-01 8.881663000000000352e+01 5.867820000000000036e+00
2.576531000000000238e-01 7.686079999999999757e+01 5.135410000000000252e+00
2.642934000000000117e-01 7.422458000000000311e+01 4.950522999999999563e+00
2.709336999999999995e-01 6.415652000000000044e+01 4.294249999999999901e+00
2.775740999999999903e-01 5.877418999999999727e+01 3.954550999999999927e+00
2.842142999999999753e-01 4.825146000000000157e+01 3.239383999999999819e+00
2.908546000000000187e-01 4.665605999999999653e+01 3.176152999999999782e+00
2.974949000000000066e-01 4.069807000000000130e+01 2.753925999999999874e+00
3.041350999999999916e-01 3.245389000000000124e+01 2.241194000000000131e+00
3.107752999999999766e-01 2.908757999999999910e+01 2.017994999999999983e+00
3.174155000000000171e-01 2.573008000000000095e+01 1.801598999999999950e+00
3.240557000000000021e-01 2.174551999999999907e+01 1.531570000000000098e+00
3.306958999999999871e-01 1.855643999999999849e+01 1.322324000000000055e+00
3.373360000000000247e-01 1.652464000000000155e+01 1.185089000000000059e+00
3.439761000000000069e-01 1.208331000000000088e+01 8.815281999999999840e-01
3.506161999999999890e-01 1.082479000000000013e+01 7.923829000000000011e-01
3.572563000000000266e-01 9.335032999999999248e+00 7.139402000000000248e-01
3.638964000000000087e-01 8.459599000000000757e+00 6.402974000000000165e-01
3.705363999999999880e-01 6.731643000000000043e+00 5.020713999999999455e-01
3.771764000000000228e-01 6.084651000000000032e+00 4.562362999999999835e-01
3.838164000000000020e-01 5.813892000000000060e+00 4.249988000000000099e-01
3.904563999999999813e-01 4.959299999999999820e+00 3.808351999999999848e-01
3.970963000000000132e-01 4.033755000000000202e+00 3.176802000000000237e-01
4.037361999999999895e-01 3.692817999999999934e+00 2.993234000000000172e-01
4.103761000000000214e-01 3.635927999999999827e+00 2.843736000000000042e-01
4.170159999999999978e-01 3.611241000000000145e+00 2.893000000000000016e-01
4.236558999999999742e-01 3.430928000000000200e+00 2.688442999999999805e-01
4.302957000000000032e-01 3.370222000000000051e+00 2.689649000000000068e-01
4.369354999999999767e-01 3.092868999999999868e+00 2.553460000000000174e-01
4.435752000000000028e-01 3.167759000000000214e+00 2.457892999999999883e-01
4.502149999999999763e-01 3.277222000000000079e+00 2.642951000000000050e-01
4.568547000000000025e-01 3.014596000000000053e+00 2.499506999999999979e-01
4.634943999999999731e-01 3.087321000000000204e+00 2.417739999999999889e-01
4.701340999999999992e-01 3.150526000000000160e+00 2.604228000000000098e-01
4.767737000000000225e-01 3.229400000000000048e+00 2.694010000000000016e-01
4.834132999999999902e-01 3.025189999999999824e+00 2.406445999999999863e-01
4.900529000000000135e-01 3.218798000000000048e+00 2.574102999999999808e-01
4.966923999999999784e-01 2.799923000000000162e+00 2.401024999999999965e-01
5.033319000000000543e-01 2.918645999999999852e+00 2.575914000000000259e-01
5.099713999999999636e-01 2.623457999999999846e+00 2.169438999999999951e-01
5.166108999999999840e-01 3.218113999999999919e+00 2.811427000000000231e-01
5.232502999999999460e-01 2.975861000000000089e+00 2.448232999999999937e-01
5.298897000000000190e-01 2.490470999999999879e+00 2.183981000000000117e-01
5.365290999999999810e-01 2.715002000000000137e+00 2.418517000000000028e-01
5.431683999999999957e-01 2.563350999999999935e+00 2.154430999999999985e-01
5.498077000000000103e-01 2.368749000000000215e+00 1.972835000000000005e-01
5.564470000000000249e-01 2.419223000000000123e+00 2.244130000000000014e-01
5.630861999999999812e-01 2.247891000000000084e+00 2.140438000000000063e-01
5.697254000000000485e-01 2.201661999999999786e+00 2.034344999999999903e-01
5.763646000000000047e-01 1.986118000000000050e+00 1.978331000000000117e-01
5.830037000000000136e-01 1.853483999999999909e+00 1.792931000000000108e-01
5.896428000000000225e-01 1.787538999999999989e+00 1.627957999999999905e-01
5.962819000000000313e-01 1.906347999999999931e+00 1.903527999999999887e-01
6.029208999999999818e-01 1.669947000000000070e+00 1.686287999999999954e-01
6.095599000000000434e-01 1.542669999999999986e+00 1.560782000000000003e-01
6.161988000000000465e-01 1.302000000000000046e+00 1.374006000000000116e-01
6.228377999999999970e-01 1.364544999999999897e+00 1.364895999999999887e-01
6.294766000000000528e-01 1.261940000000000062e+00 1.239193999999999990e-01
6.361154999999999449e-01 1.104883000000000060e+00 1.187104999999999966e-01
6.427543000000000006e-01 1.176020999999999983e+00 1.319832999999999978e-01
6.493929999999999980e-01 1.109904999999999919e+00 1.251106999999999914e-01
6.560318000000000538e-01 9.847356999999999916e-01 1.092267999999999989e-01
6.626705000000000512e-01 9.373325999999999603e-01 1.050322999999999951e-01
6.693090999999999902e-01 7.657692000000000387e-01 9.431931000000000342e-02
6.759477000000000402e-01 7.138444999999999929e-01 8.554030999999999441e-02
6.825862999999999792e-01 7.501020999999999939e-01 8.568977999999999318e-02
6.892247999999999708e-01 6.035443999999999809e-01 6.816529999999999812e-02
6.958632999999999624e-01 5.776272999999999547e-01 7.449414000000000036e-02
7.025017000000000067e-01 5.983802999999999761e-01 7.364015000000000144e-02
7.091401000000000510e-01 5.144950999999999830e-01 7.015404000000000084e-02
7.157784999999999842e-01 5.593143999999999894e-01 7.166340000000000210e-02
7.224167999999999701e-01 5.404214999999999991e-01 7.530489999999999406e-02
7.290550999999999560e-01 5.414031000000000260e-01 7.283130000000000159e-02
7.356932999999999945e-01 4.708144000000000218e-01 6.419534999999999825e-02
7.423315000000000330e-01 4.505476999999999954e-01 5.997853000000000212e-02
7.489696000000000131e-01 4.390314000000000161e-01 6.017991000000000312e-02
7.556076999999999932e-01 4.920158000000000031e-01 6.302755999999999637e-02
7.622457999999999734e-01 4.853381999999999974e-01 7.087504999999999500e-02
7.688838000000000061e-01 5.117148999999999726e-01 6.717009000000000174e-02
7.755218000000000389e-01 4.215881000000000212e-01 6.303947999999999496e-02
7.821597000000000133e-01 4.928660999999999737e-01 7.422080999999999817e-02
7.887975000000000403e-01 4.204366999999999965e-01 5.470666999999999891e-02
7.954354000000000147e-01 4.127739999999999743e-01 6.617165999999999326e-02
8.020730999999999833e-01 3.907103000000000104e-01 5.655993000000000132e-02
8.087109000000000103e-01 4.027000000000000024e-01 6.201374999999999943e-02
8.153485000000000316e-01 4.416765000000000274e-01 6.641874000000000389e-02
8.219862000000000002e-01 4.029319000000000095e-01 5.825742999999999894e-02
8.286236999999999631e-01 3.690749999999999864e-01 5.584070000000000006e-02
8.352612999999999843e-01 4.012932000000000166e-01 5.916955000000000131e-02
8.418986999999999998e-01 4.415620000000000100e-01 6.156850999999999990e-02
8.485361999999999627e-01 3.818592000000000097e-01 6.171710999999999864e-02
8.551735999999999782e-01 3.822034000000000264e-01 6.487020000000000286e-02
8.618109000000000464e-01 3.251254000000000088e-01 5.095776999999999946e-02
8.684482000000000035e-01 3.088711000000000095e-01 5.484636999999999846e-02
8.750854000000000132e-01 2.851231000000000182e-01 5.542737999999999832e-02
8.817226000000000230e-01 2.997863000000000056e-01 5.015241000000000143e-02
8.883596999999999744e-01 3.274761999999999951e-01 5.727637000000000006e-02
8.949966999999999784e-01 2.443788000000000071e-01 4.372463000000000044e-02
9.016338000000000408e-01 2.883630999999999833e-01 5.142829000000000150e-02
9.082706999999999864e-01 1.880118000000000067e-01 3.515292999999999890e-02
9.149076000000000430e-01 2.653652000000000233e-01 4.494477999999999668e-02
9.215444999999999887e-01 2.345954000000000095e-01 4.417878000000000083e-02
9.281812999999999869e-01 2.472414000000000001e-01 4.618192000000000130e-02
9.348180000000000378e-01 2.380269999999999886e-01 4.651693999999999968e-02
9.414546999999999777e-01 2.510099000000000080e-01 4.794944999999999763e-02
9.480912999999999702e-01 2.297665000000000124e-01 4.575974000000000014e-02
9.547278999999999627e-01 1.859495999999999927e-01 3.587641999999999914e-02
9.613644000000000078e-01 1.957512999999999892e-01 3.924210000000000198e-02
9.680009000000000530e-01 2.142071999999999865e-01 4.203567999999999888e-02
9.746373000000000397e-01 1.872526999999999942e-01 3.773935999999999957e-02
9.812735999999999681e-01 1.960497999999999963e-01 4.328980000000000328e-02
9.879099000000000075e-01 1.360949999999999938e-01 3.154802999999999774e-02
9.945460999999999885e-01 2.124863999999999919e-01 4.477470000000000061e-02
1.001182000000000016e+00 1.776139999999999941e-01 4.233437999999999785e-02
1.007818000000000103e+00 1.729464000000000001e-01 4.140763000000000083e-02
1.014453999999999967e+00 1.704373000000000138e-01 4.080480000000000218e-02
1.021090000000000053e+00 1.600796999999999914e-01 3.402890000000000081e-02
1.027725999999999917e+00 1.424374999999999947e-01 3.566736999999999685e-02
1.034362000000000004e+00 1.756369999999999876e-01 3.890248000000000317e-02
1.040998000000000090e+00 1.366137000000000046e-01 3.264017999999999781e-02
1.047633999999999954e+00 1.013431999999999944e-01 2.517300000000000093e-02
1.054268999999999901e+00 1.245163999999999993e-01 2.692303000000000057e-02
1.060904999999999987e+00 1.042270000000000002e-01 2.592128999999999961e-02
1.067541000000000073e+00 1.719429000000000096e-01 4.028995999999999966e-02
1.074176000000000020e+00 1.457240999999999953e-01 3.694389000000000006e-02
1.080810999999999966e+00 1.204399000000000025e-01 2.840853000000000128e-02
1.087447000000000052e+00 1.196624000000000021e-01 2.992210999999999829e-02
1.094081999999999999e+00 1.255431999999999937e-01 3.395497000000000098e-02
1.100716999999999945e+00 1.308130000000000126e-01 3.537459999999999910e-02
1.107351999999999892e+00 1.533328999999999942e-01 3.668024000000000284e-02
1.113987999999999978e+00 9.443232999999999489e-02 2.528758000000000047e-02
1.120622999999999925e+00 1.287387999999999866e-01 2.955638000000000015e-02
1.127258000000000093e+00 9.346891000000000227e-02 2.383522000000000071e-02
1.133891999999999900e+00 7.821996999999999978e-02 2.082084999999999839e-02
1.140527000000000069e+00 8.586707999999999841e-02 2.507364999999999941e-02
1.147162000000000015e+00 1.036935999999999969e-01 2.891339000000000062e-02
1.153796999999999962e+00 6.685375999999999819e-02 2.224688999999999833e-02
1.160430999999999990e+00 8.712251999999999497e-02 2.587464999999999904e-02
1.167065999999999937e+00 9.096696999999999422e-02 2.954363999999999948e-02
1.173699999999999966e+00 9.221601999999999577e-02 2.864063999999999846e-02
1.180334999999999912e+00 1.123071000000000069e-01 3.533287999999999707e-02
1.186968999999999941e+00 9.610361000000000598e-02 3.042417000000000038e-02
1.193602999999999970e+00 9.736309999999999409e-02 2.982413999999999898e-02
1.200237999999999916e+00 9.414806000000000563e-02 2.658655000000000046e-02
1.206871999999999945e+00 8.782004000000000199e-02 2.607241000000000072e-02
1.213505999999999974e+00 7.165804000000000618e-02 2.546245999999999926e-02
1.220140000000000002e+00 6.904810000000000114e-02 2.478874999999999829e-02
1.226774000000000031e+00 7.004293999999999798e-02 2.238077000000000122e-02
1.233408000000000060e+00 1.157726000000000033e-01 3.475306000000000228e-02
1.240040999999999949e+00 5.654490999999999684e-02 2.000489999999999907e-02
1.246674999999999978e+00 6.637843000000000215e-02 2.302823000000000023e-02
1.253309000000000006e+00 9.977771000000000556e-02 3.071449999999999875e-02
1.259941999999999895e+00 5.191376999999999797e-02 2.113728999999999955e-02
1.266575999999999924e+00 5.078951999999999772e-02 1.773769000000000040e-02
1.273209000000000035e+00 6.965797999999999435e-02 2.250815999999999928e-02
1.279841999999999924e+00 9.604419000000000151e-02 3.100228000000000012e-02
1.286475999999999953e+00 8.946407000000000664e-02 2.816785999999999943e-02
1.293109000000000064e+00 4.599305000000000060e-02 1.836563000000000084e-02
1.299741999999999953e+00 4.801723000000000102e-02 1.891953000000000037e-02
1.306375000000000064e+00 4.017686000000000174e-02 1.642539000000000152e-02
1.313007999999999953e+00 6.691109000000000639e-02 2.608161999999999980e-02
1.319641000000000064e+00 3.464670000000000250e-02 1.494411999999999997e-02
1.326273000000000035e+00 1.169330999999999982e-01 3.801496000000000042e-02
1.332905999999999924e+00 8.856376000000000526e-02 2.901062999999999906e-02
1.339539000000000035e+00 5.547269999999999979e-02 2.303157999999999941e-02
1.346171000000000006e+00 5.480510000000000242e-02 2.272708000000000020e-02
1.352803999999999895e+00 3.583544000000000312e-02 1.476938000000000036e-02
1.359436000000000089e+00 3.457539999999999919e-02 1.458528000000000081e-02
1.366068000000000060e+00 2.865072000000000105e-02 1.331695999999999921e-02
1.372700000000000031e+00 9.243716999999999906e-02 3.484070000000000222e-02
1.379332999999999920e+00 8.234267000000000669e-02 3.104147000000000156e-02
1.385964999999999892e+00 5.317228000000000232e-02 2.561605000000000132e-02
1.392597000000000085e+00 3.899157000000000317e-02 1.867668999999999926e-02
1.399227999999999916e+00 5.503434000000000104e-02 2.292427999999999827e-02
1.405860000000000110e+00 4.009663000000000116e-02 1.700039000000000064e-02
1.412492000000000081e+00 2.888247000000000037e-02 1.393675999999999943e-02
1.419124000000000052e+00 5.960246000000000294e-02 2.400971999999999829e-02
1.425755000000000106e+00 6.205390999999999685e-02 2.513465999999999964e-02
1.432387000000000077e+00 4.649741999999999764e-02 1.959653999999999910e-02
1.439017999999999908e+00 5.492045999999999734e-02 2.612743000000000010e-02
1.445648999999999962e+00 8.100424999999999986e-02 3.385206999999999800e-02
1.452280000000000015e+00 2.820630999999999833e-02 1.535258999999999929e-02
1.458911999999999987e+00 4.380309000000000286e-02 2.109240999999999894e-02
1.465543000000000040e+00 3.224077000000000193e-02 1.796181999999999987e-02
1.472174000000000094e+00 2.823594999999999924e-02 1.356530000000000062e-02
1.478804000000000007e+00 2.184542999999999902e-02 1.064319000000000029e-02
1.485435000000000061e+00 7.630608999999999309e-02 3.122547000000000170e-02
1.492065999999999892e+00 2.691516999999999868e-02 1.469238999999999962e-02
1.498696000000000028e+00 2.794962000000000141e-02 1.423808000000000018e-02
1.505327000000000082e+00 3.257225999999999871e-02 1.481074999999999926e-02
1.511956999999999995e+00 9.120788999999999980e-02 3.937646999999999675e-02
1.518588000000000049e+00 1.776172000000000167e-02 1.054084999999999918e-02
1.525217999999999963e+00 3.594942000000000276e-02 1.667269999999999863e-02
1.531848000000000098e+00 5.749305999999999861e-02 2.526785999999999963e-02
1.538478000000000012e+00 4.576828000000000146e-02 2.356888000000000039e-02
1.545107999999999926e+00 3.609073000000000142e-02 1.575889999999999930e-02
1.551738000000000062e+00 5.362738000000000227e-02 2.615345000000000170e-02
1.558367999999999975e+00 2.043731000000000020e-02 1.414565999999999914e-02
1.564996999999999971e+00 2.278611999999999999e-02 1.235082000000000020e-02
1.571627000000000107e+00 1.904770000000000074e-02 1.396498000000000010e-02
1.578256000000000103e+00 9.753977000000000480e-03 1.086661000000000050e-02
1.584886000000000017e+00 2.819504000000000107e-02 1.729585000000000150e-02
1.591515000000000013e+00 3.019271999999999928e-02 1.730645999999999921e-02
1.598144000000000009e+00 2.907639999999999877e-02 1.878998999999999947e-02
1.604773000000000005e+00 1.897884000000000029e-02 1.204993000000000036e-02
1.611402000000000001e+00 3.716389999999999971e-02 1.971057000000000017e-02
1.618030999999999997e+00 4.418260999999999716e-02 2.430784999999999890e-02
1.624659999999999993e+00 2.474766000000000118e-02 1.654053999999999941e-02
1.631288999999999989e+00 2.160145999999999941e-02 1.309777999999999984e-02
1.637917000000000067e+00 2.827338999999999894e-02 1.598919000000000035e-02
1.644546000000000063e+00 3.482968000000000175e-02 1.836857000000000073e-02
1.651173999999999920e+00 2.541144000000000042e-02 1.617108999999999908e-02
1.657802999999999916e+00 1.534599000000000033e-02 1.100559000000000086e-02
1.664430999999999994e+00 2.513235999999999942e-02 1.655821999999999850e-02
1.671059000000000072e+00 2.177865999999999830e-02 1.584007999999999944e-02
1.677686999999999928e+00 9.928700000000000372e-03 9.370438000000000031e-03
1.684315000000000007e+00 2.748824000000000059e-02 1.675311000000000161e-02
1.690943000000000085e+00 1.919747000000000120e-02 1.310364999999999967e-02
1.697570999999999941e+00 1.674391999999999894e-02 1.122957999999999942e-02
1.704198000000000102e+00 2.721561000000000119e-02 1.635783000000000029e-02
1.710825999999999958e+00 2.847395999999999955e-02 1.662349999999999939e-02
1.717452999999999896e+00 2.055763999999999855e-02 1.347810999999999974e-02
1.724080999999999975e+00 1.627396000000000051e-02 1.172541000000000035e-02
1.730707999999999913e+00 7.784407999999999606e-03 1.040578999999999983e-02
1.737335000000000074e+00 2.748246999999999843e-02 1.906808999999999935e-02
1.743962000000000012e+00 4.187273999999999857e-02 2.260331999999999966e-02
1.750588999999999951e+00 1.327863999999999954e-02 1.058800000000000019e-02
1.757215999999999889e+00 1.840218999999999883e-02 1.171701999999999987e-02
1.763841999999999910e+00 1.850906999999999900e-02 1.389151999999999922e-02
1.770469000000000070e+00 1.955985999999999836e-02 1.448019000000000042e-02
1.777096000000000009e+00 1.787847000000000047e-02 1.256367000000000074e-02
1.783722000000000030e+00 1.101517999999999942e-02 1.019289999999999953e-02
1.790348000000000050e+00 2.545466000000000048e-02 1.797218000000000079e-02
1.796974000000000071e+00 1.799539000000000000e-02 1.361151000000000028e-02
1.803600000000000092e+00 2.224498999999999921e-02 1.417726000000000056e-02
1.810225999999999891e+00 3.698250000000000148e-02 2.535033000000000078e-02
1.816851999999999911e+00 4.496349999999999653e-03 1.076744999999999959e-02
1.823477999999999932e+00 1.098196000000000068e-02 1.030378000000000023e-02
1.830103999999999953e+00 2.140339000000000130e-02 1.618738999999999942e-02
1.836729000000000056e+00 3.794505000000000100e-02 2.439182999999999976e-02
1.843355000000000077e+00 5.234191000000000017e-03 1.088790000000000070e-02
1.849979999999999958e+00 2.981048999999999852e-02 2.157521000000000092e-02
1.856605000000000061e+00 1.601276000000000088e-02 1.218011999999999914e-02
1.863229999999999942e+00 1.899951999999999891e-02 1.506866999999999929e-02
1.869855000000000045e+00 3.265508000000000299e-02 2.157538999999999985e-02
1.876479999999999926e+00 2.721727999999999995e-02 1.794959000000000138e-02
1.883105000000000029e+00 1.691872000000000167e-02 1.480445000000000025e-02
1.889728999999999992e+00 2.308346000000000009e-02 1.735371999999999956e-02
1.896354000000000095e+00 2.033441999999999888e-02 1.457252000000000026e-02
1.902978000000000058e+00 6.531251000000000070e-03 1.158527999999999988e-02
1.909602999999999939e+00 1.608205999999999872e-02 1.269186999999999919e-02
1.916226999999999903e+00 2.690820999999999838e-02 1.757689000000000126e-02
1.922851000000000088e+00 2.090403000000000053e-02 1.659006000000000022e-02
1.929475000000000051e+00 2.952576999999999979e-02 2.032517000000000004e-02
1.936099000000000014e+00 3.440342999999999873e-02 2.449698999999999974e-02
1.942722000000000060e+00 9.301514999999999783e-03 1.017492000000000049e-02
1.949346000000000023e+00 6.879559999999999842e-03 1.027123999999999919e-02
1.955969999999999986e+00 5.074012000000000140e-03 1.266691999999999992e-02
1.962593000000000032e+00 2.728266999999999845e-02 2.057988999999999999e-02
1.969216000000000077e+00 1.964234999999999939e-02 1.594098999999999863e-02
1.975838999999999901e+00 5.445550999999999864e-03 9.476118000000000388e-03
1.982461999999999946e+00 1.632526999999999937e-02 1.494807000000000080e-02
1.989084999999999992e+00 7.388961999999999787e-03 1.032104000000000008e-02
1.995708000000000037e+00 2.900727999999999987e-02 1.986181000000000058e-02
2.002330999999999861e+00 3.520026999999999878e-02 2.543186000000000058e-02
2.008952999999999989e+00 6.961507999999999932e-03 1.070708000000000076e-02
2.015575999999999812e+00 2.827982999999999886e-02 2.067168000000000130e-02
2.022197999999999940e+00 5.504545999999999918e-03 1.008492000000000069e-02
2.028820000000000068e+00 1.367113000000000009e-02 1.260339000000000077e-02
2.035442000000000196e+00 2.929823000000000149e-02 2.038175999999999877e-02
2.042063999999999879e+00 1.278763999999999942e-02 1.220083999999999926e-02
2.048686000000000007e+00 1.069323999999999969e-02 9.627218999999999360e-03
2.055308000000000135e+00 1.113345999999999954e-02 1.093744999999999960e-02
2.061929000000000123e+00 1.259303999999999979e-02 1.171587999999999970e-02
2.068550999999999807e+00 2.807151000000000091e-02 2.586563000000000057e-02
2.075171999999999795e+00 1.202433999999999968e-02 1.048104000000000049e-02
2.081793999999999922e+00 1.805903000000000022e-02 1.582576000000000122e-02
2.088414999999999910e+00 1.349743999999999944e-02 1.252880999999999960e-02
2.095035999999999898e+00 2.050317999999999932e-02 2.053703999999999946e-02
2.101656000000000191e+00 1.595968999999999860e-02 1.491120999999999940e-02
2.108277000000000179e+00 3.757387999999999700e-02 2.810005999999999962e-02
2.114898000000000167e+00 1.013388999999999956e-02 1.334336000000000029e-02
2.121518000000000015e+00 3.937295999999999851e-03 1.132155999999999961e-02
2.128139000000000003e+00 5.685060999999999934e-03 9.582161000000000498e-03
2.134758999999999851e+00 2.704287000000000010e-02 1.905913000000000052e-02
2.141379000000000143e+00 2.424805999999999837e-02 2.089275999999999980e-02
2.147998999999999992e+00 2.379528000000000112e-03 1.037631999999999964e-02
2.154618999999999840e+00 2.297675999999999885e-02 2.031410999999999981e-02
2.161237999999999992e+00 1.003768000000000021e-02 9.974880999999999678e-03
2.167857999999999841e+00 4.123077999999999639e-03 1.154863000000000070e-02
2.174476999999999993e+00 1.851053000000000073e-02 1.653166000000000010e-02
2.181096999999999841e+00 1.992680000000000146e-02 1.929082000000000019e-02
2.187715999999999994e+00 5.744767999999999923e-03 1.037666999999999930e-02
2.194335000000000147e+00 1.411993999999999923e-02 1.462453000000000017e-02
2.200953999999999855e+00 6.741745999999999850e-03 1.054637999999999930e-02
2.207573000000000008e+00 1.956739999999999868e-02 1.914050000000000126e-02
2.214191000000000020e+00 1.007677000000000052e-02 1.025830999999999965e-02
2.220810000000000173e+00 2.028528999999999836e-03 9.457583000000000309e-03
2.227428000000000186e+00 2.266079999999999831e-02 1.865974999999999925e-02
2.234046999999999894e+00 2.309492000000000142e-02 1.868161999999999948e-02
2.240664999999999907e+00 1.394554999999999927e-02 1.212213000000000006e-02
2.247282999999999920e+00 1.332622999999999967e-02 1.222148999999999978e-02
2.253900999999999932e+00 1.289514999999999932e-02 1.563374999999999834e-02
2.260517999999999805e+00 6.633558999999999810e-03 1.145526000000000010e-02
2.267135999999999818e+00 4.903008000000000366e-03 9.917665000000000855e-03
2.273753000000000135e+00 1.678846999999999978e-02 1.561469000000000051e-02
2.280371000000000148e+00 1.768532999999999911e-02 1.821557000000000037e-02
2.286988000000000021e+00 2.193967000000000139e-02 2.220530999999999894e-02
2.293604999999999894e+00 1.431698999999999992e-02 1.225780999999999919e-02
2.300222000000000211e+00 1.309548000000000005e-03 1.035883999999999937e-02
2.306839000000000084e+00 2.486804999999999918e-03 9.806360999999999550e-03
2.313454999999999817e+00 6.631393999999999657e-03 9.245974000000000553e-03
2.320072000000000134e+00 8.846411000000000205e-03 1.132565999999999955e-02
2.326687999999999867e+00 4.233131999999999694e-03 1.107770999999999929e-02
2.333305000000000184e+00 1.866854000000000083e-02 1.762263999999999844e-02
2.339920999999999918e+00 7.235132000000000022e-03 9.685235000000000372e-03
2.346537000000000095e+00 6.455396000000000398e-03 1.036471999999999914e-02
2.353152000000000132e+00 1.042650999999999994e-02 1.125189000000000050e-02
2.359767999999999866e+00 1.964588000000000098e-02 1.872843999999999898e-02
2.366384000000000043e+00 7.311362000000000069e-03 1.046577999999999918e-02
2.372999000000000080e+00 1.972569000000000058e-02 1.870681999999999900e-02
2.379614000000000118e+00 1.810138999999999845e-02 1.990395000000000011e-02
2.386229000000000156e+00 7.213327000000000280e-03 1.211742000000000027e-02
2.392844000000000193e+00 5.731535000000000275e-03 1.079658000000000007e-02
2.399458999999999786e+00 3.989694000000000226e-03 1.011905999999999917e-02
2.406073999999999824e+00 2.215007000000000087e-02 2.063457999999999959e-02
2.412688999999999862e+00 1.365391999999999995e-02 1.528319000000000032e-02
2.419303000000000203e+00 7.574804000000000086e-03 1.103396000000000064e-02
2.425917000000000101e+00 5.589455999999999591e-03 1.043545000000000063e-02
2.432530999999999999e+00 1.532086000000000038e-02 1.485526000000000034e-02
2.439144999999999897e+00 5.199305000000000419e-03 9.005064999999999598e-03
2.445758999999999794e+00 1.956803000000000015e-02 2.058168000000000150e-02
2.452373000000000136e+00 8.643111000000000196e-03 1.130397999999999993e-02
2.458985999999999894e+00 1.041947000000000012e-02 1.260918999999999929e-02
2.465599999999999792e+00 5.862385999999999812e-03 9.771814999999999668e-03
2.472212999999999994e+00 2.175929000000000058e-02 1.894515000000000088e-02
2.478826000000000196e+00 1.021722000000000082e-03 1.074734999999999926e-02
2.485438999999999954e+00 8.860455999999999194e-03 1.013902000000000032e-02
2.492052000000000156e+00 1.565162999999999971e-02 1.693739000000000008e-02
2.498664999999999914e+00 1.772467000000000140e-02 1.674522000000000163e-02
2.505276999999999976e+00 6.225312000000000207e-03 9.627930999999999295e-03
2.511889000000000038e+00 2.371008999999999964e-02 2.226701000000000027e-02
2.518501999999999796e+00 5.909069999999999774e-03 1.076240000000000009e-02
2.525113999999999859e+00 3.999640999999999960e-03 1.170218999999999947e-02
2.531725999999999921e+00 2.044648999999999946e-03 1.286939999999999959e-02
2.538336999999999843e+00 3.611262999999999973e-03 9.346584999999999269e-03
2.544948999999999906e+00 4.755180999999999818e-03 1.007169999999999940e-02
2.551559999999999828e+00 1.222465000000000010e-02 1.325060999999999947e-02
2.558171999999999890e+00 8.254968999999999155e-03 1.117411999999999919e-02
2.564782999999999813e+00 3.609565999999999816e-03 1.023228999999999979e-02
2.571394000000000180e+00 2.906582999999999910e-03 9.691738999999999563e-03
2.578005000000000102e+00 2.241523000000000040e-03 1.075072000000000007e-02
2.584614999999999885e+00 4.254004999999999939e-03 1.032116999999999930e-02
2.591225999999999807e+00 4.597488999999999743e-03 1.059175000000000047e-02
2.597836000000000034e+00 1.395878000000000049e-02 1.660435000000000036e-02
2.604446999999999957e+00 1.052770999999999915e-02 1.113446000000000054e-02
2.611057000000000183e+00 4.357932999999999599e-03 9.839053000000000382e-03
2.617666999999999966e+00 1.013095999999999962e-02 1.161672000000000052e-02
2.624276000000000053e+00 8.478998999999999217e-03 1.059188999999999964e-02
2.630885999999999836e+00 1.030902999999999898e-03 9.738681000000000768e-03
2.637496000000000063e+00 1.841962000000000113e-02 1.900659999999999850e-02
2.644105000000000150e+00 2.255500000000000126e-03 1.056952000000000065e-02
2.650713999999999793e+00 1.019813999999999964e-02 1.041814999999999929e-02
2.657322999999999880e+00 8.400463999999999848e-03 1.045916000000000033e-02
2.663931999999999967e+00 1.369950999999999981e-02 1.537577000000000041e-02
2.670541000000000054e+00 1.974767000000000102e-03 1.112888000000000072e-02
2.677149000000000001e+00 9.563498999999999611e-03 1.161296000000000030e-02
2.683756999999999948e+00 4.871000999999999803e-03 1.030013999999999930e-02
2.690366000000000035e+00 8.398568999999999826e-03 1.027961999999999973e-02
2.696973999999999982e+00 1.353369999999999920e-02 1.419701999999999943e-02
2.703581999999999930e+00 1.251863999999999928e-02 1.420422000000000004e-02
2.710189000000000181e+00 6.741134000000000188e-03 1.078469999999999950e-02
2.716797000000000128e+00 5.226581000000000109e-03 1.113113999999999944e-02
2.723403999999999936e+00 5.734732000000000197e-03 1.137537999999999917e-02
2.730011000000000188e+00 2.265698999999999838e-02 2.395074999999999982e-02
2.736619000000000135e+00 1.018877999999999971e-02 1.172360000000000069e-02
2.743224999999999802e+00 1.367060000000000020e-04 9.773917999999999495e-03
2.749832000000000054e+00 2.461945000000000106e-02 2.455583000000000071e-02
2.756438999999999862e+00 8.225444999999999632e-03 1.130252999999999987e-02
2.763044999999999973e+00 5.193047999999999588e-03 1.137066999999999939e-02
2.769651000000000085e+00 5.232490000000000231e-03 1.052377999999999994e-02
2.776257999999999893e+00 1.290422999999999917e-02 1.240911999999999918e-02
2.782862999999999865e+00 2.484470999999999815e-03 1.075392000000000015e-02
2.789468999999999976e+00 1.707245000000000030e-03 1.038294000000000022e-02
2.796075000000000088e+00 1.370807999999999922e-02 1.459289000000000072e-02
2.802680000000000060e+00 1.195852000000000026e-02 1.472156999999999979e-02
2.809286000000000172e+00 8.751236000000000778e-03 1.213312000000000071e-02
2.815891000000000144e+00 5.331691000000000381e-03 1.006792999999999924e-02
2.822496000000000116e+00 3.571421999999999791e-02 2.997112000000000040e-02
2.829099999999999948e+00 5.743146999999999662e-03 9.403062000000000226e-03
2.835704999999999920e+00 3.498436999999999858e-04 1.032837999999999985e-02
2.842309000000000196e+00 3.143797999999999948e-04 1.118272000000000016e-02
2.848914000000000168e+00 5.331909999999999601e-03 1.040471999999999925e-02
2.855518000000000001e+00 4.230850000000000409e-03 1.006670999999999955e-02
2.862121999999999833e+00 3.595735999999999984e-03 1.036069000000000052e-02
2.868724999999999969e+00 1.671645000000000075e-02 1.831378000000000172e-02
2.875328999999999802e+00 2.173867000000000160e-02 2.280176999999999898e-02
2.881931999999999938e+00 6.347158999999999787e-03 1.160399999999999973e-02
2.888536000000000215e+00 1.068095999999999976e-02 1.351302000000000059e-02
2.895138999999999907e+00 6.077174000000000291e-03 1.170356999999999995e-02
2.901742000000000044e+00 1.864250000000000022e-03 1.101299000000000028e-02
2.908344000000000040e+00 1.820522000000000112e-02 1.691480999999999887e-02
2.914947000000000177e+00 1.122350000000000040e-03 9.450754000000000446e-03
2.921549000000000174e+00 1.753216000000000149e-02 1.825034999999999852e-02
2.928151999999999866e+00 5.628323999999999654e-03 1.008031000000000031e-02
2.934753999999999863e+00 9.047911000000000495e-03 1.244703999999999949e-02
2.941355000000000164e+00 5.675470999999999641e-03 9.924614000000000005e-03
2.947957000000000161e+00 4.504316999999999870e-03 9.359463000000000157e-03
2.954559000000000157e+00 1.057856999999999938e-03 1.023498999999999937e-02
2.961160000000000014e+00 1.655146999999999868e-02 2.266340000000000021e-02
2.967760999999999871e+00 5.527162000000000394e-03 1.040466999999999954e-02
2.974362000000000172e+00 1.755576999999999832e-02 1.843322999999999837e-02
2.980963000000000029e+00 7.092372999999999907e-03 1.078644999999999951e-02
2.987563999999999886e+00 1.020708000000000032e-02 1.401785000000000010e-02
2.994164000000000048e+00 2.144721999999999948e-03 9.594563999999999870e-03
3.000764000000000209e+00 1.648350999999999983e-02 1.656683999999999934e-02
3.007365000000000066e+00 1.272548000000000082e-02 1.385550999999999970e-02
3.013964000000000087e+00 1.147007000000000018e-03 1.109726999999999936e-02
3.020563999999999805e+00 4.539770000000000263e-03 1.015292999999999925e-02
3.027163999999999966e+00 1.680388000000000021e-02 1.771154000000000131e-02
3.033762999999999987e+00 9.860627999999999754e-03 1.465237999999999957e-02
3.040362000000000009e+00 7.946527000000000104e-03 1.128277999999999920e-02
3.046961000000000030e+00 4.518369000000000378e-03 1.012067999999999995e-02
3.053560000000000052e+00 2.567406999999999849e-03 1.015712000000000038e-02
3.060159000000000074e+00 1.508158000000000068e-02 1.632718000000000017e-02
3.066756999999999955e+00 1.484047000000000057e-04 1.062595000000000033e-02
3.073355999999999977e+00 9.402300000000000588e-03 1.173645000000000070e-02
3.079953999999999859e+00 7.944605999999999890e-03 9.847451999999999595e-03
3.086552000000000184e+00 9.880639000000000088e-03 1.237640999999999915e-02
3.093150000000000066e+00 4.930531000000000150e-03 1.010835000000000032e-02
3.099746999999999808e+00 3.562478999999999906e-03 1.134223999999999996e-02
3.106345000000000134e+00 7.360660999999999897e-04 1.068222999999999916e-02
3.112941999999999876e+00 1.681117999999999849e-02 1.834088000000000038e-02
3.119539000000000062e+00 1.720529999999999976e-02 1.802037999999999904e-02
3.126135999999999804e+00 9.822620000000000656e-03 1.279623000000000045e-02
3.132731999999999850e+00 6.237674000000000343e-03 1.027224000000000019e-02
3.139329000000000036e+00 2.546436999999999919e-03 9.609684999999999755e-03
3.145925000000000082e+00 1.684818000000000036e-03 1.083681000000000054e-02
3.152521000000000129e+00 2.117068000000000075e-02 2.141080999999999887e-02
3.159117000000000175e+00 8.122459000000000276e-03 1.133598000000000071e-02
3.165713000000000221e+00 1.653512000000000037e-02 1.855909999999999851e-02
3.172308000000000128e+00 2.145226000000000077e-02 2.371675999999999992e-02
3.178904000000000174e+00 2.763070999999999930e-02 2.762906000000000042e-02
3.185499000000000080e+00 1.298186999999999909e-03 1.021040999999999963e-02
3.192093999999999987e+00 5.464576999999999976e-03 1.082133000000000053e-02
3.198688999999999893e+00 6.619342000000000498e-04 1.120867000000000044e-02
3.205283000000000104e+00 7.387919000000000170e-04 1.037891999999999981e-02
3.211878000000000011e+00 2.275720999999999994e-02 2.431528000000000161e-02
3.218472000000000222e+00 3.586713999999999961e-03 9.252012999999999904e-03
3.225065999999999988e+00 1.163280999999999950e-03 1.149324000000000005e-02
3.231660000000000199e+00 1.440538000000000061e-02 1.587088000000000040e-02
3.238252999999999826e+00 1.222060999999999981e-03 9.088881000000000043e-03
3.244847000000000037e+00 5.650564000000000281e-03 9.688897999999999608e-03
3.251440000000000108e+00 5.984119000000000417e-03 1.057304000000000056e-02
3.258033000000000179e+00 2.942508999999999836e-03 1.116474999999999933e-02
3.264625999999999806e+00 4.659973000000000413e-03 1.139183000000000036e-02
3.271218999999999877e+00 9.462078999999999976e-03 1.239759999999999994e-02
3.277810999999999808e+00 5.439587000000000068e-03 1.111054000000000035e-02
3.284403999999999879e+00 5.421961000000000315e-03 1.032222999999999995e-02
3.290995999999999810e+00 7.041422999999999779e-03 1.075049999999999964e-02
3.297588000000000186e+00 1.591301999999999994e-02 1.403616000000000065e-02
3.304178999999999977e+00 4.153378000000000105e-03 9.735370000000000135e-03
3.310770999999999908e+00 7.726758000000000237e-03 1.138003999999999925e-02
3.317362000000000144e+00 2.282923999999999978e-03 9.020251999999999437e-03
3.323952999999999935e+00 2.711540999999999862e-05 9.761347999999999553e-03
3.330544000000000171e+00 1.196227000000000054e-02 1.356277000000000003e-02
3.337134999999999962e+00 7.072038000000000109e-03 9.145705999999999974e-03
3.343726000000000198e+00 7.332722000000000502e-04 9.509925000000000669e-03
3.350315999999999850e+00 3.007966999999999846e-03 1.119408000000000035e-02
3.356905999999999946e+00 2.087264000000000133e-02 2.095493999999999829e-02
3.363496000000000041e+00 2.224450000000000038e-02 2.295836000000000057e-02
3.370086000000000137e+00 5.950906000000000381e-04 1.002786999999999949e-02
3.376675000000000093e+00 1.965102000000000168e-02 2.117985000000000007e-02
3.383265000000000189e+00 8.503797999999999913e-03 1.249473000000000077e-02
3.389854000000000145e+00 1.944490000000000107e-03 9.486460999999999852e-03
3.396443000000000101e+00 6.168461000000000083e-03 1.022034999999999957e-02
3.403032000000000057e+00 1.334971000000000074e-02 1.257587999999999935e-02
3.409619999999999873e+00 1.053541000000000026e-02 1.391916999999999981e-02
3.416208999999999829e+00 4.875780000000000131e-04 9.142650999999999903e-03
3.422797000000000089e+00 2.061841999999999842e-02 2.219312000000000021e-02
3.429384999999999906e+00 2.036531999999999926e-02 2.047469999999999846e-02
3.435972000000000026e+00 7.700694999999999589e-03 1.097314999999999922e-02
3.442559999999999842e+00 4.681740999999999681e-03 8.949930000000000038e-03
3.449146999999999963e+00 6.861840000000000127e-03 9.767117000000000507e-03
3.455734000000000083e+00 6.232172000000000232e-03 1.094212999999999957e-02
3.462321000000000204e+00 5.187660999999999661e-03 1.015738000000000057e-02
3.468907999999999880e+00 1.025223999999999927e-03 9.120707000000000467e-03
3.475495000000000001e+00 8.352978999999999959e-03 1.046693999999999923e-02
3.482080999999999982e+00 3.718466000000000132e-02 3.419028000000000345e-02
3.488666999999999963e+00 1.536286999999999896e-03 1.143894999999999981e-02
3.495252999999999943e+00 8.142342000000000329e-03 1.254121000000000055e-02
3.501838999999999924e+00 1.078319999999999935e-04 1.066579999999999959e-02
3.508424000000000209e+00 7.142662000000000143e-03 1.108463999999999977e-02
3.515009000000000050e+00 3.209230999999999889e-03 1.118884000000000024e-02
3.521593999999999891e+00 5.024523999999999831e-03 9.673353000000000854e-03
3.528179000000000176e+00 2.240409999999999971e-03 9.199234000000000577e-03
3.534764000000000017e+00 4.808217000000000046e-03 1.075497000000000085e-02
3.541348000000000162e+00 4.655239000000000145e-07 1.062438999999999918e-02
3.547933000000000003e+00 5.273589999999999875e-03 1.058862999999999992e-02
3.554517000000000149e+00 7.052639000000000304e-03 1.117553999999999943e-02
3.561100999999999850e+00 1.408922000000000061e-04 1.038064000000000001e-02
3.567683999999999855e+00 3.182079000000000157e-02 3.057964000000000168e-02
3.574268000000000001e+00 5.323378999999999611e-03 9.921288999999999803e-03
3.580851000000000006e+00 4.772572999999999573e-03 1.024684000000000011e-02
3.587434000000000012e+00 1.484656999999999991e-02 1.807268000000000069e-02
3.594017000000000017e+00 9.912504000000000801e-03 1.560550999999999952e-02
3.600598999999999883e+00 3.741079999999999926e-03 1.083174999999999936e-02
3.607181000000000193e+00 3.676413999999999811e-03 1.111026000000000027e-02
3.613764000000000198e+00 8.512861000000000039e-03 1.087442999999999917e-02
3.620346000000000064e+00 8.574955000000000424e-03 1.198965999999999921e-02
3.626926999999999790e+00 1.872481000000000145e-02 2.272261999999999893e-02
3.633509000000000100e+00 3.942435000000000210e-03 1.066744000000000026e-02
3.640089999999999826e+00 5.810130000000000156e-03 1.096862000000000011e-02
3.646670999999999996e+00 1.534547999999999988e-02 1.812238000000000043e-02
3.653252000000000166e+00 6.985973999999999830e-03 1.020848000000000068e-02
3.659832999999999892e+00 5.501435999999999956e-04 9.913029000000000285e-03
3.666412999999999922e+00 1.135127000000000011e-02 1.228044000000000011e-02
3.672992999999999952e+00 2.137800999999999937e-02 2.227136999999999867e-02
3.679572999999999983e+00 1.296903999999999939e-02 1.678305999999999895e-02
3.686153000000000013e+00 1.416936999999999983e-05 1.043359999999999947e-02
3.692733000000000043e+00 4.938213000000000324e-03 9.865027999999999644e-03
3.699311999999999934e+00 2.110297000000000128e-03 1.018743000000000079e-02
3.705890999999999824e+00 4.390151999999999596e-03 9.507504999999999429e-03
3.712470000000000159e+00 5.925625000000000336e-03 1.026069999999999934e-02
3.719049000000000049e+00 8.677133000000000068e-03 1.163888000000000075e-02
3.725626999999999800e+00 1.840388000000000093e-02 1.776263999999999968e-02
3.732204999999999995e+00 8.622490999999999489e-03 1.245357000000000061e-02
3.738783000000000190e+00 1.052724999999999988e-04 9.025829000000000837e-03
3.745360999999999940e+00 1.978966000000000058e-02 2.214119999999999977e-02
3.751939000000000135e+00 6.121075999999999601e-03 1.017877000000000018e-02
3.758516000000000190e+00 1.719702999999999857e-02 2.013200000000000059e-02
3.765092999999999801e+00 6.792298999999999906e-03 1.109690999999999976e-02
3.771669999999999856e+00 4.862080999999999868e-03 1.074364000000000048e-02
3.778246999999999911e+00 1.628823999999999897e-02 1.706548000000000093e-02
3.784822999999999826e+00 1.175664000000000049e-02 1.801244000000000109e-02
3.791399999999999881e+00 2.837075000000000100e-03 1.032413000000000081e-02
3.797975999999999797e+00 1.373188000000000013e-02 1.787866999999999928e-02
3.804552000000000156e+00 2.169444999999999880e-03 1.077408000000000012e-02
3.811126999999999931e+00 4.380377999999999876e-03 9.202527000000000276e-03
3.817702000000000151e+00 1.106312999999999915e-02 1.407700999999999918e-02
3.824278000000000066e+00 6.594101999999999906e-05 9.525043000000000398e-03
3.830852999999999842e+00 2.238046999999999953e-02 2.228750999999999996e-02
3.837426999999999921e+00 3.788787000000000058e-03 1.157299000000000001e-02
3.844002000000000141e+00 7.987447999999999423e-03 1.208359999999999990e-02
3.850576000000000221e+00 1.217548000000000068e-02 1.523658999999999951e-02
3.857149999999999856e+00 4.659314999999999811e-03 1.040095000000000082e-02
3.863723999999999936e+00 6.474910000000000387e-03 1.122410000000000074e-02
3.870296999999999876e+00 1.005372000000000036e-03 9.810665999999999137e-03
3.876870999999999956e+00 9.706578999999999685e-04 1.135888000000000002e-02
3.883443999999999896e+00 4.853482999999999582e-03 1.012219999999999960e-02
3.890016999999999836e+00 2.344761999999999801e-03 9.904773000000000396e-03
3.896589000000000080e+00 7.030869000000000354e-03 1.067417000000000019e-02
3.903162000000000020e+00 7.175812000000000163e-03 1.160039000000000035e-02
3.909733999999999821e+00 2.165585000000000079e-02 2.235786999999999844e-02
3.916306000000000065e+00 5.300795999999999980e-03 1.145071999999999930e-02
3.922877000000000169e+00 3.266423999999999977e-03 1.040711000000000067e-02
3.929448999999999970e+00 1.131494999999999940e-03 9.659594000000000513e-03
3.936020000000000074e+00 4.547111999999999855e-03 1.112354999999999941e-02
3.942591000000000179e+00 2.987552999999999888e-04 1.034643000000000021e-02
3.949161999999999839e+00 7.752341999999999740e-03 9.754004999999999620e-03
3.955732999999999944e+00 8.519798000000000301e-03 1.188409999999999987e-02
3.962302999999999908e+00 5.873083999999999770e-03 1.098247999999999933e-02
3.968872999999999873e+00 2.021270999999999832e-02 1.887727999999999975e-02
3.975442999999999838e+00 9.296939000000000591e-03 1.223489000000000000e-02
3.982012999999999803e+00 1.456372000000000048e-03 1.032998000000000076e-02
3.988582000000000072e+00 9.388934999999999295e-03 1.288925999999999961e-02
3.995150999999999897e+00 2.095721999999999863e-02 2.381681999999999896e-02
4.001719999999999722e+00 1.164752999999999969e-02 1.486719000000000061e-02
4.008289000000000435e+00 1.965822999999999965e-05 1.055290000000000047e-02
4.014857000000000120e+00 5.536634999999999820e-03 1.022399000000000051e-02
4.021424999999999805e+00 1.672786000000000065e-02 2.109122000000000080e-02
4.027993000000000379e+00 2.010017999999999874e-02 2.507708000000000159e-02
4.034561000000000064e+00 6.081381999999999760e-03 9.679599000000000536e-03
4.041128999999999749e+00 9.528494000000000200e-03 1.297582000000000076e-02
4.047696000000000183e+00 4.075912000000000111e-03 1.048062999999999946e-02
4.054262999999999728e+00 3.102077999999999867e-03 1.086661000000000050e-02
4.060830000000000162e+00 1.057416999999999949e-03 1.123035000000000005e-02
4.067395999999999567e+00 1.622074000000000042e-03 1.050323000000000055e-02
4.073963000000000001e+00 1.595349999999999937e-03 1.010719000000000027e-02
4.080529000000000295e+00 8.785632999999999290e-03 1.257044000000000043e-02
4.087094999999999700e+00 5.693509000000000243e-03 1.054190999999999982e-02
4.093659999999999854e+00 3.186177000000000106e-03 1.128644999999999995e-02
4.100226000000000148e+00 5.854672999999999822e-02 4.439573000000000130e-02
4.106791000000000302e+00 1.161981999999999945e-02 1.538108000000000010e-02
4.113355999999999568e+00 1.352925999999999955e-03 1.156462999999999935e-02
4.119919999999999582e+00 8.255808999999999370e-03 1.232793000000000083e-02
4.126484999999999737e+00 5.835353999999999628e-04 1.055053000000000067e-02
4.133048999999999751e+00 5.441847999999999998e-03 9.666693000000000507e-03
4.139612999999999765e+00 1.842061000000000046e-02 2.281313999999999911e-02
4.146175999999999640e+00 2.167455999999999897e-02 2.335883000000000057e-02
4.152739999999999654e+00 7.340204999999999820e-03 1.149011999999999950e-02
4.159303000000000416e+00 6.107162000000000181e-03 1.183157999999999953e-02
4.165866000000000291e+00 2.002452999999999959e-03 1.124388999999999944e-02
4.172429000000000165e+00 7.988389999999999727e-03 1.336622999999999978e-02
4.178990999999999900e+00 2.417773000000000068e-04 1.027936999999999948e-02
4.185552999999999635e+00 5.627095999999999834e-03 9.794297000000000419e-03
4.192115000000000258e+00 5.855848000000000303e-03 1.117680000000000062e-02
4.198676999999999992e+00 1.279821999999999904e-03 9.944382999999999348e-03
4.205238999999999727e+00 5.475856000000000516e-04 9.925164000000000208e-03
4.211800000000000210e+00 7.743948999999999971e-03 1.308713000000000064e-02
4.218360999999999805e+00 9.209580999999999670e-03 1.343598000000000015e-02
4.224921000000000149e+00 5.175179999999999711e-03 1.103593999999999929e-02
4.231481999999999744e+00 6.008402000000000361e-03 1.054437000000000083e-02
4.238042000000000087e+00 2.186109999999999979e-05 1.135499000000000057e-02
4.244602000000000430e+00 3.076308999999999988e-02 2.881631999999999943e-02
4.251161999999999885e+00 4.739890000000000075e-03 1.148345999999999915e-02
4.257721000000000089e+00 2.487643999999999793e-03 9.896283000000000510e-03
4.264281000000000432e+00 2.077719999999999914e-02 2.832534999999999914e-02
4.270839999999999748e+00 1.140084000000000063e-02 1.499069999999999916e-02
4.277397999999999811e+00 3.228818999999999960e-04 1.055494000000000050e-02
4.283957000000000015e+00 1.824670999999999932e-03 1.070649000000000080e-02
4.290515000000000079e+00 3.769793000000000015e-03 1.125193000000000026e-02
4.297073000000000143e+00 1.359729000000000059e-03 1.088226999999999944e-02
4.303631000000000206e+00 3.370094000000000128e-03 1.086491000000000019e-02
4.310188000000000130e+00 3.903085000000000148e-03 1.090154999999999944e-02
4.316745000000000054e+00 8.369804999999999259e-03 1.275606999999999956e-02
4.323301999999999978e+00 6.223007000000000018e-03 1.072609000000000062e-02
4.329858999999999902e+00 1.265142999999999997e-02 1.612169000000000102e-02
4.336415999999999826e+00 9.430215999999999946e-03 1.353174000000000043e-02
4.342971999999999611e+00 3.742494999999999817e-06 9.974053000000000085e-03
4.349528000000000283e+00 1.547287999999999962e-02 1.935767000000000043e-02
4.356084000000000067e+00 5.198493000000000211e-03 1.083983999999999989e-02
4.362638999999999712e+00 3.594968000000000035e-03 1.069140000000000021e-02
4.369194000000000244e+00 4.531372999999999998e-03 1.057490999999999987e-02
4.375748999999999889e+00 1.190663999999999915e-03 1.078585999999999955e-02
4.382304000000000421e+00 4.754224999999999944e-03 1.106256000000000080e-02
4.388857999999999926e+00 2.063169000000000114e-02 2.408924999999999955e-02
4.395412000000000319e+00 1.390228000000000080e-03 1.061949000000000053e-02
4.401965999999999823e+00 2.015854999999999991e-03 1.045512999999999998e-02
4.408520000000000216e+00 5.291614999999999513e-04 1.006296999999999921e-02
4.415072999999999581e+00 1.608313999999999924e-02 2.021567999999999976e-02
4.421626999999999974e+00 4.602542000000000156e-04 1.071819000000000070e-02
4.428179000000000087e+00 7.465952999999999999e-03 1.176420000000000070e-02
4.434732000000000340e+00 1.715422999999999948e-02 2.033907999999999897e-02
4.441283999999999565e+00 9.318843999999999739e-03 1.319823999999999997e-02
4.447836999999999819e+00 8.581830000000000361e-03 1.246245999999999986e-02
4.454387999999999792e+00 1.594651000000000098e-03 9.834512000000000115e-03
4.460939999999999905e+00 1.354923999999999972e-03 1.129388999999999914e-02
4.467490999999999879e+00 1.649520999999999973e-02 2.198703999999999936e-02
4.474041999999999852e+00 1.246039000000000001e-03 1.044626000000000061e-02
4.480592999999999826e+00 6.656051000000000285e-04 1.020242000000000024e-02
4.487143999999999799e+00 6.091789999999999488e-04 1.162885999999999954e-02
4.493693999999999633e+00 1.905411000000000084e-03 1.106815000000000056e-02
4.500244000000000355e+00 7.169822000000000174e-03 1.119177000000000019e-02
4.506794000000000189e+00 1.172225000000000046e-03 1.037115000000000085e-02
4.513342999999999883e+00 8.932815999999999673e-03 1.210365000000000052e-02
4.519891999999999577e+00 4.139042999999999889e-02 3.292955999999999661e-02
4.526441000000000159e+00 3.691798000000000041e-03 1.201290999999999991e-02
4.532989999999999853e+00 1.400525000000000034e-02 1.909394999999999842e-02
4.539538000000000295e+00 3.332793999999999926e-04 9.817575000000000260e-03
4.546086999999999989e+00 1.618075000000000069e-02 1.914354999999999876e-02
4.552635000000000431e+00 2.625601999999999884e-03 9.505371000000000306e-03
4.559181999999999846e+00 1.397512000000000114e-04 1.084412000000000049e-02
4.565730000000000288e+00 8.210548999999999278e-03 1.108956999999999998e-02
4.572276999999999703e+00 1.558630999999999992e-03 1.045164999999999983e-02
4.578822999999999865e+00 2.483714000000000002e-06 1.122555000000000081e-02
4.585370000000000168e+00 1.532460000000000072e-02 1.701124999999999859e-02
4.591916000000000331e+00 6.732867000000000018e-03 1.083749999999999991e-02
4.598461999999999605e+00 1.511778999999999987e-03 1.063596999999999980e-02
4.605007999999999768e+00 8.922756999999999911e-03 1.108501999999999925e-02
4.611553999999999931e+00 4.089116000000000278e-02 3.594316000000000177e-02
4.618098999999999954e+00 1.764895000000000049e-03 1.067008000000000019e-02
4.624643999999999977e+00 2.052977000000000100e-03 1.043758000000000012e-02
4.631187999999999860e+00 1.532647999999999996e-02 1.878519000000000022e-02
4.637732999999999883e+00 7.461591000000000057e-03 1.268641000000000039e-02
4.644276999999999767e+00 1.861070999999999949e-03 8.931081000000000436e-03
4.650820999999999650e+00 2.001112000000000030e-02 2.528065000000000173e-02
4.657364000000000281e+00 7.640431999999999953e-03 1.215736000000000074e-02
4.663908000000000165e+00 4.797835000000000186e-04 9.488536000000000539e-03
4.670450999999999908e+00 1.391164000000000072e-03 9.644118999999999609e-03
4.676993999999999652e+00 4.934751000000000241e-03 1.184607000000000021e-02
4.683536000000000143e+00 1.808507000000000170e-02 2.079521999999999968e-02
4.690077999999999747e+00 5.175055999999999927e-03 1.026377000000000018e-02
4.696620000000000239e+00 3.181785999999999816e-03 1.059683999999999973e-02
4.703161999999999843e+00 3.669159999999999783e-02 3.469540000000000124e-02
4.709703000000000195e+00 8.960065999999999604e-04 1.084497000000000065e-02
4.716243999999999659e+00 6.629776999999999892e-03 9.834561000000000344e-03
4.722785000000000011e+00 1.711093000000000119e-04 1.071379000000000081e-02
4.729326000000000363e+00 7.714043999999999762e-03 1.020460999999999938e-02
4.735865999999999687e+00 1.266536000000000051e-02 1.615112999999999965e-02
4.742405999999999899e+00 1.044657999999999958e-03 1.166723000000000066e-02
4.748946000000000112e+00 5.818152000000000046e-03 1.114531000000000029e-02
4.755485000000000184e+00 2.611114999999999790e-03 1.134889000000000037e-02
4.762025000000000396e+00 1.176484000000000037e-02 1.463862999999999970e-02
4.768563999999999581e+00 6.941303999999999703e-03 1.189291999999999953e-02
4.775102000000000402e+00 1.608361999999999986e-02 2.013950000000000115e-02
4.781640999999999586e+00 4.386843999999999986e-03 1.079136999999999978e-02
4.788179000000000407e+00 3.231164000000000258e-02 3.667700000000000127e-02
4.794717000000000340e+00 1.765080000000000034e-03 9.937491999999999159e-03
4.801254000000000133e+00 4.606891000000000003e-04 9.620718000000000325e-03
4.807790999999999926e+00 9.204165000000000263e-03 1.545869000000000063e-02
4.814327999999999719e+00 2.855049000000000128e-03 1.028175999999999916e-02
4.820865000000000400e+00 1.492040000000000033e-03 1.088286999999999935e-02
4.827401000000000053e+00 1.266945000000000050e-02 1.889868000000000103e-02
4.833936999999999706e+00 5.572708000000000002e-03 1.094779000000000065e-02
4.840473000000000248e+00 4.821365000000000199e-03 1.122885000000000029e-02
4.847008999999999901e+00 1.331329999999999927e-03 9.605808999999999875e-03
4.853544000000000302e+00 1.575367000000000087e-02 1.879569999999999852e-02
4.860078999999999816e+00 2.291244999999999914e-03 1.173504000000000040e-02
4.866614000000000217e+00 1.045387000000000052e-03 1.118939000000000045e-02
4.873147999999999591e+00 6.512307999999999639e-03 1.052623999999999921e-02
4.879681999999999853e+00 6.988358000000000070e-03 1.239775000000000078e-02
4.886216000000000115e+00 3.391852999999999795e-03 1.129130000000000064e-02
4.892750000000000377e+00 3.473169999999999816e-04 1.108435999999999970e-02
4.899282999999999610e+00 6.627965000000000419e-03 9.835065999999999947e-03
4.905815999999999732e+00 5.269971000000000030e-04 9.771747000000000766e-03
4.912348999999999855e+00 1.499708999999999895e-03 1.080544999999999943e-02
4.918880999999999837e+00 5.390214000000000160e-04 1.076823000000000016e-02
4.925412999999999819e+00 2.732287999999999818e-03 1.042437000000000051e-02
4.931944999999999801e+00 1.442798999999999991e-02 1.694442000000000170e-02
4.938476999999999784e+00 1.374160999999999959e-02 1.817780000000000090e-02
4.945007999999999626e+00 7.542678999999999617e-04 9.853103000000000208e-03
4.951539000000000357e+00 7.468795000000000512e-04 1.049273000000000046e-02
4.958070000000000199e+00 9.392005000000000145e-03 1.199876000000000068e-02
4.964599999999999902e+00 3.036793000000000131e-02 2.842750000000000138e-02
4.971129999999999605e+00 9.069779999999999509e-03 1.263201000000000081e-02
4.977660000000000196e+00 7.022477000000000059e-03 1.051554000000000030e-02
4.984189999999999898e+00 8.549189000000000441e-03 1.215478000000000045e-02
4.990719000000000349e+00 3.831775999999999954e-04 1.059161999999999951e-02
4.997247999999999912e+00 6.136696999999999985e-03 9.747317999999999608e-03
5.003777000000000363e+00 1.412499000000000046e-02 1.816473999999999867e-02
5.010304999999999787e+00 1.433778999999999956e-02 1.831765999999999950e-02
5.016833000000000098e+00 1.266285999999999974e-02 1.767074999999999896e-02
5.023361000000000409e+00 8.431783000000000312e-05 1.091057999999999958e-02
5.029888999999999832e+00 8.001108999999999305e-03 1.233533000000000025e-02
5.036416000000000004e+00 4.780163999999999941e-03 9.841944000000000040e-03
5.042943000000000175e+00 7.804178000000000157e-03 1.189039000000000068e-02
5.049469000000000207e+00 6.819284000000000109e-03 1.028557000000000082e-02
5.055996000000000379e+00 3.244643000000000180e-03 1.066202999999999942e-02
5.062522000000000411e+00 1.303140000000000027e-02 1.780249999999999888e-02
5.069048000000000442e+00 1.056310000000000056e-05 9.567150999999999433e-03
5.075573000000000334e+00 2.077230999999999869e-02 2.430492000000000069e-02
5.082098000000000226e+00 1.752740999999999934e-03 9.913655000000000383e-03
5.088623000000000118e+00 5.542125000000000176e-03 1.064036999999999969e-02
5.095148000000000010e+00 7.377131000000000313e-03 9.648614999999999275e-03
5.101671999999999763e+00 9.208307000000000644e-03 1.406227999999999992e-02
5.108196000000000403e+00 8.643984000000000389e-03 1.383595999999999958e-02
5.114720000000000155e+00 8.631231999999999967e-04 1.055425999999999934e-02
5.121242999999999768e+00 2.267093999999999880e-04 9.641300999999999691e-03
5.127766000000000268e+00 7.800055999999999656e-03 9.688857999999999845e-03
5.134288999999999881e+00 2.438030999999999792e-03 1.076193999999999935e-02
5.140811000000000242e+00 6.658876000000000205e-03 1.073884999999999944e-02
5.147333999999999854e+00 2.511450999999999961e-02 2.448474000000000136e-02
5.153855000000000075e+00 7.184662999999999987e-03 1.011048999999999976e-02
5.160377000000000436e+00 2.528237000000000019e-03 1.098180999999999984e-02
5.166897999999999769e+00 4.849461999999999696e-03 1.078870000000000003e-02
5.173418999999999990e+00 1.320765000000000003e-03 1.168993999999999936e-02
5.179940000000000211e+00 1.303073000000000078e-02 1.574756000000000072e-02
5.186460000000000292e+00 5.654649999999999781e-03 9.370586999999999667e-03
5.192980999999999625e+00 2.690406000000000047e-02 3.115427000000000127e-02
5.199499999999999567e+00 1.257730999999999953e-02 1.601322000000000162e-02
5.206019999999999648e+00 3.132451000000000072e-03 9.865900999999999837e-03
5.212538999999999589e+00 4.004643999999999912e-03 1.001230999999999996e-02
5.219058000000000419e+00 3.890431000000000184e-03 1.055151000000000006e-02
5.225576000000000221e+00 4.515421000000000365e-03 1.150273999999999915e-02
5.232095000000000162e+00 1.795291999999999982e-03 1.096010000000000040e-02
5.238612999999999964e+00 1.134247000000000033e-02 1.671684000000000017e-02
5.245129999999999626e+00 2.491811999999999933e-03 1.069898000000000030e-02
5.251648000000000316e+00 1.871284000000000142e-02 2.206375000000000003e-02
5.258164999999999978e+00 2.499191999999999907e-03 1.072209000000000009e-02
5.264681999999999640e+00 1.667843000000000103e-02 1.808266999999999861e-02
5.271198000000000050e+00 1.334761999999999928e-02 1.974021000000000109e-02
5.277713999999999572e+00 6.743156999999999623e-03 1.057651000000000077e-02
5.284229999999999983e+00 1.128353999999999989e-02 1.741262000000000018e-02
5.290746000000000393e+00 5.470721000000000438e-04 1.022906999999999983e-02
5.297260999999999775e+00 5.938592000000000350e-03 1.032478000000000042e-02
5.303776000000000046e+00 1.067507000000000091e-03 1.059462000000000077e-02
5.310290000000000177e+00 4.570903999999999766e-03 1.066914000000000057e-02
5.316804999999999559e+00 7.550103999999999973e-04 1.057666999999999982e-02
5.323318999999999690e+00 3.269626999999999993e-04 9.982802000000000689e-03
5.329831999999999681e+00 1.472756000000000065e-02 2.058894000000000002e-02
5.336345999999999812e+00 8.363767999999999507e-04 1.073178999999999973e-02
5.342858999999999803e+00 7.629715999999999929e-03 1.235927000000000033e-02
5.349371999999999794e+00 6.108422999999999978e-03 9.645742000000000552e-03
5.355883999999999645e+00 7.401781999999999979e-03 1.270566000000000056e-02
5.362396000000000384e+00 9.484283999999999944e-04 1.128891999999999916e-02
5.368908000000000236e+00 1.098518000000000064e-02 1.621264999999999859e-02
5.375420000000000087e+00 4.141905999999999886e-03 1.029609000000000080e-02
5.381930999999999798e+00 3.969058999999999608e-03 9.877063000000000162e-03
5.388442000000000398e+00 3.735747000000000199e-03 1.160317999999999940e-02
5.394951999999999970e+00 4.133569000000000132e-04 1.053838999999999991e-02
5.401462000000000430e+00 2.025416000000000022e-02 2.311836999999999920e-02
5.407972000000000001e+00 3.571458000000000120e-04 1.031548000000000014e-02
5.414481999999999573e+00 4.329371999999999734e-03 1.024125000000000035e-02
5.420990999999999893e+00 1.552561999999999953e-03 1.166878000000000012e-02
5.427500000000000213e+00 9.254398999999999958e-04 1.038266000000000015e-02
5.434008999999999645e+00 5.429556999999999786e-03 9.484706000000000733e-03
5.440517999999999965e+00 2.275753000000000151e-02 2.433298999999999879e-02
5.447026000000000145e+00 8.334753000000000300e-03 1.219727999999999958e-02
5.453533000000000186e+00 1.269504000000000075e-03 9.667369999999999783e-03
5.460041000000000366e+00 1.046490999999999914e-02 1.479623000000000049e-02
5.466548000000000407e+00 1.647836999999999913e-02 1.792768000000000139e-02
5.473054999999999559e+00 1.362859999999999940e-02 1.679720000000000171e-02
5.479561000000000348e+00 6.730772000000000317e-03 1.020484999999999969e-02
5.486067000000000249e+00 1.764753000000000155e-02 1.964663999999999994e-02
5.492573000000000150e+00 1.466089999999999928e-02 1.870513000000000037e-02
5.499079000000000050e+00 3.110440999999999814e-03 1.126026999999999931e-02
5.505583999999999811e+00 2.759721999999999870e-02 2.854539000000000035e-02
5.512088999999999572e+00 7.305718000000000108e-03 1.271480000000000006e-02
5.518594000000000221e+00 1.505277000000000004e-02 1.959164999999999865e-02
5.525097999999999843e+00 7.558035999999999748e-04 1.119413000000000005e-02
5.531602000000000352e+00 2.021409000000000053e-02 2.544215999999999839e-02
5.538104999999999833e+00 5.932444999999999732e-03 9.214296999999999765e-03
5.544609000000000343e+00 1.534988999999999972e-02 2.279901999999999970e-02
5.551111999999999824e+00 4.259676000000000109e-04 9.252236999999999961e-03
5.557614000000000054e+00 8.352503000000000705e-03 1.587082999999999897e-02
5.564117000000000424e+00 2.508585000000000242e-04 1.038785000000000056e-02
5.570618999999999765e+00 5.257989999999999713e-03 1.105500000000000059e-02
5.583622000000000085e+00 2.657057999999999903e-03 1.056028999999999995e-02
5.590123000000000175e+00 9.135976000000000296e-04 9.697298000000000029e-03
5.596624000000000265e+00 2.635586000000000092e-03 9.273425999999999544e-03
5.603124000000000215e+00 8.013032999999999484e-04 9.647134999999999391e-03
5.609624000000000166e+00 7.985298999999999522e-03 1.173804999999999987e-02
5.616124000000000116e+00 5.218964000000000198e-04 1.020106999999999958e-02
5.622622999999999927e+00 2.455486999999999891e-05 1.040796000000000082e-02
5.629121999999999737e+00 9.708994999999999778e-03 1.493970000000000020e-02
5.635621000000000436e+00 3.921659000000000082e-03 1.044825999999999915e-02
5.642120000000000246e+00 6.848644000000000086e-03 1.172867000000000007e-02
5.648617999999999917e+00 1.136985999999999959e-04 9.950408000000000863e-03
5.655115999999999588e+00 8.601212999999999914e-03 1.324855999999999950e-02
5.661613000000000007e+00 1.799964000000000078e-02 2.387302999999999994e-02
5.668110000000000426e+00 2.363384999999999965e-03 1.016650000000000019e-02
5.674606999999999957e+00 7.133705000000000167e-04 1.024692999999999958e-02
5.681104000000000376e+00 5.951393999999999608e-03 1.102625999999999953e-02
5.687599999999999767e+00 5.587729999999999954e-03 1.039911999999999954e-02
5.694096000000000046e+00 6.057330000000000093e-04 1.029064000000000020e-02
5.700591000000000186e+00 2.208807000000000131e-02 2.416248000000000007e-02
5.707086000000000325e+00 1.125734999999999930e-02 1.571227000000000040e-02
5.713580999999999577e+00 9.922958000000000819e-03 1.417768999999999974e-02
5.720075999999999716e+00 2.745531999999999834e-02 3.096424999999999872e-02
5.726569999999999716e+00 1.696735999999999904e-03 9.800044000000000810e-03
5.733063999999999716e+00 3.102291999999999984e-03 1.152962000000000084e-02
5.739556999999999576e+00 2.217925999999999925e-02 3.105810000000000168e-02
5.746050999999999576e+00 5.154107999999999476e-04 1.052024000000000015e-02
5.752543000000000184e+00 4.535701999999999963e-04 9.704143000000000144e-03
5.759036000000000044e+00 2.367010000000000121e-03 1.045359000000000045e-02
5.765527999999999764e+00 1.738610999999999976e-02 1.864677000000000001e-02
5.772020000000000373e+00 1.283154000000000065e-02 1.950143000000000015e-02
5.778512000000000093e+00 5.476589999999999930e-03 1.136062000000000009e-02
5.785002999999999673e+00 7.264392000000000158e-04 1.133570000000000064e-02
5.791494000000000142e+00 2.721737999999999995e-05 1.009438000000000002e-02
5.797983999999999583e+00 3.070582000000000086e-03 9.727276999999999452e-03
5.804473999999999911e+00 4.612864999999999847e-03 9.521933999999999260e-03
5.810964000000000240e+00 8.312732000000000085e-05 1.100423000000000026e-02
5.817453999999999681e+00 5.451735000000000088e-03 1.055342000000000086e-02
5.823942999999999870e+00 3.727216000000000209e-03 1.063126999999999996e-02
5.830432000000000059e+00 9.966832000000000122e-03 1.456273999999999937e-02
5.836921000000000248e+00 3.869468999999999947e-03 1.036070000000000046e-02
5.843409000000000297e+00 4.752364000000000241e-03 1.115624999999999950e-02
5.849897000000000347e+00 1.084016999999999967e-02 1.659073000000000145e-02
5.856384000000000256e+00 6.616760999999999650e-03 1.186744999999999987e-02
5.862871000000000166e+00 4.652655000000000332e-03 9.821461000000000080e-03
5.869358000000000075e+00 2.033584000000000173e-03 1.057110999999999988e-02
5.875844999999999985e+00 9.952770999999999580e-04 1.076397999999999938e-02
5.882330999999999754e+00 2.756295999999999876e-04 1.030380000000000011e-02
5.888817000000000412e+00 3.126484000000000121e-03 1.065834000000000052e-02
5.895302000000000042e+00 2.224295000000000092e-02 2.810829999999999926e-02
5.901786999999999672e+00 1.343615999999999951e-03 1.025005000000000013e-02
5.908272000000000190e+00 2.316112999999999852e-03 1.080857999999999992e-02
5.914756999999999820e+00 1.179638000000000041e-02 1.763489999999999849e-02
5.921241000000000199e+00 1.900895000000000102e-03 1.058124000000000044e-02
5.927724999999999689e+00 7.805727999999999625e-03 1.010001999999999948e-02
5.934207999999999927e+00 8.404343999999999357e-03 1.233219999999999976e-02
5.940691000000000166e+00 7.323661999999999880e-03 1.175692000000000056e-02
5.947174000000000404e+00 2.411891999999999855e-02 2.897436000000000109e-02
5.953655999999999615e+00 1.262653000000000039e-02 1.888035000000000060e-02
5.960137999999999714e+00 1.828652000000000055e-03 1.096590000000000065e-02
5.966619999999999813e+00 1.021911999999999994e-02 1.474809000000000016e-02
5.973101999999999911e+00 1.256270999999999994e-03 1.008691999999999922e-02
5.979582999999999871e+00 1.144423999999999962e-02 1.504215000000000066e-02
5.986062999999999690e+00 1.018990999999999994e-02 1.522096000000000039e-02
5.992543999999999649e+00 1.465259999999999913e-03 1.041959999999999935e-02
5.999024000000000356e+00 3.595458000000000161e-03 1.107679999999999949e-02
6.005503000000000036e+00 5.681073999999999743e-05 1.046192999999999949e-02
6.011982999999999855e+00 1.207446000000000040e-02 1.509874999999999932e-02
6.018462000000000423e+00 1.155708000000000082e-02 1.531060000000000060e-02
6.024939999999999962e+00 1.752654000000000017e-02 2.336355999999999850e-02
6.031418999999999642e+00 5.288407999999999651e-03 1.011959999999999943e-02
6.037897000000000070e+00 3.405083000000000155e-03 1.012484999999999948e-02
6.044374000000000358e+00 9.414548000000000447e-04 1.027871999999999987e-02
6.050851999999999897e+00 6.454012999999999764e-03 1.116310000000000045e-02
6.057328000000000046e+00 2.002738999999999908e-02 2.429301000000000030e-02
6.063805000000000334e+00 2.978826999999999864e-03 1.078471999999999938e-02
6.070280999999999594e+00 5.306352000000000291e-03 1.059268000000000015e-02
6.076756999999999742e+00 1.868169999999999943e-03 1.043842000000000034e-02
6.083232999999999890e+00 3.191205999999999817e-03 1.094457000000000069e-02
6.089707999999999899e+00 1.852198000000000039e-02 2.141877000000000017e-02
6.096182999999999907e+00 1.583996999999999836e-02 2.309842000000000145e-02
6.102656999999999776e+00 3.317175999999999805e-03 1.143195999999999969e-02
6.109130999999999645e+00 5.991566999999999726e-03 1.144448999999999987e-02
6.115605000000000402e+00 2.942306999999999909e-03 1.053565000000000057e-02
6.122078000000000131e+00 1.174913999999999993e-02 1.696908999999999917e-02
6.128550999999999860e+00 1.497269999999999981e-04 1.089016999999999936e-02
6.135023999999999589e+00 8.656008999999999882e-04 9.785910999999999568e-03
6.141497000000000206e+00 1.601783999999999847e-02 1.911281000000000091e-02
6.147968999999999795e+00 2.239334999999999850e-03 1.147583999999999931e-02
6.154440000000000133e+00 2.455649000000000026e-02 3.011650000000000091e-02
6.160910999999999582e+00 4.744535000000000245e-03 1.086721000000000041e-02
6.167381999999999920e+00 3.238103999999999896e-03 1.074132000000000038e-02
6.173853000000000257e+00 1.321607999999999984e-02 1.962712000000000137e-02
6.180322999999999567e+00 4.742185000000000324e-03 9.461739000000000260e-03
6.186792999999999765e+00 6.309958000000000060e-03 1.066023999999999965e-02
6.193262999999999963e+00 3.899413999999999918e-03 9.941902000000000725e-03
6.199732000000000021e+00 1.396422999999999935e-02 1.791685000000000152e-02
6.206201000000000079e+00 4.160162000000000235e-03 1.062759999999999920e-02
6.212668999999999997e+00 2.794712999999999885e-03 1.106444999999999998e-02
6.219136999999999915e+00 4.696455000000000421e-03 1.124479999999999924e-02
6.225604999999999833e+00 1.500129000000000046e-02 2.316792999999999977e-02
6.232071999999999612e+00 4.216250000000000379e-03 1.049710000000000053e-02
6.238539000000000279e+00 1.034712999999999952e-02 1.518476000000000027e-02
6.245006000000000057e+00 1.746104999999999879e-02 2.509799000000000058e-02
6.251471999999999696e+00 1.882792000000000048e-04 9.956878000000000603e-03
6.257938000000000223e+00 2.621215999999999997e-03 1.033939000000000039e-02
6.264403999999999861e+00 8.252504000000000783e-03 1.445760999999999921e-02
6.270869000000000248e+00 3.390264000000000038e-03 1.082319999999999983e-02
6.277333999999999747e+00 5.782823000000000303e-03 1.064539999999999931e-02
6.283799000000000134e+00 1.959841999999999834e-03 1.059376000000000068e-02
6.290263000000000382e+00 6.046390999999999918e-03 1.054988999999999927e-02
6.296726999999999741e+00 1.174745999999999950e-02 1.846603999999999954e-02
6.303189999999999849e+00 3.695766999999999976e-03 1.214825999999999927e-02
6.309652999999999956e+00 1.643422000000000069e-03 1.109750999999999967e-02
6.316116000000000064e+00 1.015793000000000051e-04 1.029193999999999942e-02
6.322578000000000031e+00 4.876942999999999903e-03 1.148231000000000078e-02
6.329039999999999999e+00 1.305113999999999927e-02 1.971399000000000068e-02
6.335501999999999967e+00 2.386355999999999959e-04 9.798153000000000418e-03
6.341962999999999795e+00 3.312315000000000138e-03 1.081643000000000014e-02
6.348423999999999623e+00 1.775729000000000088e-04 9.786865999999999968e-03
6.354885000000000339e+00 6.770555999999999623e-03 1.176303000000000071e-02
6.361345000000000027e+00 7.031973999999999864e-03 9.892493999999999940e-03
6.367804999999999715e+00 1.267469000000000061e-02 1.864332999999999962e-02
6.374264000000000152e+00 7.654987000000000250e-03 1.309512999999999996e-02
6.380722999999999701e+00 6.420809999999999886e-03 1.140127999999999975e-02
6.387182000000000137e+00 1.608581999999999894e-03 9.279502000000000236e-03
6.393640000000000434e+00 6.494941000000000603e-05 1.069911999999999946e-02
6.400097999999999843e+00 9.789005999999999402e-03 1.547992999999999938e-02
6.406556000000000139e+00 2.253133000000000100e-04 1.040741000000000062e-02
6.413013000000000297e+00 1.618408999999999907e-04 1.123094999999999996e-02
6.419469999999999565e+00 5.839607000000000131e-03 1.071158000000000006e-02
6.425926999999999722e+00 3.419882999999999864e-03 1.036134000000000013e-02
6.432382999999999740e+00 1.537639000000000020e-02 1.893999999999999850e-02
6.438838999999999757e+00 9.590012000000000189e-03 1.505368999999999978e-02
6.445293999999999635e+00 8.089482999999999743e-03 1.311463000000000038e-02
6.451749000000000400e+00 3.566908000000000144e-03 1.057119999999999935e-02
6.458204000000000278e+00 1.902716000000000129e-02 2.094729000000000035e-02
6.464658000000000015e+00 4.535070999999999894e-03 1.066488999999999979e-02
6.471111999999999753e+00 4.287682000000000125e-03 1.066072000000000027e-02
6.477566000000000379e+00 2.044406000000000001e-02 2.522709999999999883e-02
6.484018999999999977e+00 4.879289000000000195e-03 1.055527000000000028e-02
6.490471999999999575e+00 6.786168000000000408e-03 1.192711999999999939e-02
6.496923999999999921e+00 6.750124000000000358e-04 9.831977000000000425e-03
6.503376000000000268e+00 6.458526000000000024e-03 1.163757999999999980e-02
6.509827999999999726e+00 6.757070999999999911e-03 1.219874999999999952e-02
6.516278999999999932e+00 1.635844999999999921e-03 1.104971000000000078e-02
6.522730000000000139e+00 1.012342000000000060e-03 8.996181000000000663e-03
6.529181000000000346e+00 1.062106999999999982e-02 1.448543000000000053e-02
6.535631000000000412e+00 1.016586000000000052e-02 1.551949000000000037e-02
6.542080999999999591e+00 2.379907000000000116e-03 1.081867000000000072e-02
6.548530999999999658e+00 2.230251999999999842e-03 1.130126000000000047e-02
6.554979999999999585e+00 2.009501999999999816e-03 9.641814000000000287e-03
6.561429000000000400e+00 9.968414999999999568e-03 1.580089999999999967e-02
6.567877000000000187e+00 2.203034999999999889e-03 1.240462999999999982e-02
6.574324999999999974e+00 7.306571999999999893e-03 1.271214000000000025e-02
6.580772999999999762e+00 3.884385000000000181e-03 1.049331000000000048e-02
6.587220000000000297e+00 1.745704000000000006e-02 2.141165999999999903e-02
6.593666999999999945e+00 7.704734999999999882e-03 1.143670999999999924e-02
6.600113000000000341e+00 2.010385999999999857e-03 1.178161999999999959e-02
6.606558999999999848e+00 1.016156000000000004e-02 1.393374000000000001e-02
6.613005000000000244e+00 1.102724000000000065e-02 1.793356000000000117e-02
6.619449999999999612e+00 1.430080000000000023e-03 1.078584999999999960e-02
6.625894999999999868e+00 5.783220999999999848e-03 1.078588999999999937e-02
6.632340000000000124e+00 1.966532000000000002e-03 1.064782000000000055e-02
6.638784000000000241e+00 3.379920000000000125e-04 1.041001000000000079e-02
6.645228000000000357e+00 1.145868000000000060e-02 1.654558000000000070e-02
6.651671999999999585e+00 4.624585999999999975e-04 1.040922000000000028e-02
6.658114999999999561e+00 1.876506999999999828e-02 2.152866999999999975e-02
6.664557000000000286e+00 1.716131999999999987e-03 1.181916000000000043e-02
6.671000000000000263e+00 3.229805000000000089e-03 1.071865999999999965e-02
6.677442000000000100e+00 7.185992999999999895e-03 1.146696999999999994e-02
6.683882999999999797e+00 9.656319999999999487e-03 1.476444000000000020e-02
6.690324000000000382e+00 4.951122999999999982e-03 1.018429000000000036e-02
6.696765000000000079e+00 1.356083999999999935e-02 1.679082000000000144e-02
6.703205999999999776e+00 1.494092999999999940e-03 1.138373999999999983e-02
6.709646000000000221e+00 6.423800000000000126e-04 9.521177000000000459e-03
6.716084999999999638e+00 1.149303999999999951e-02 1.594059000000000101e-02
6.722525000000000084e+00 7.902366000000000295e-04 1.178155999999999995e-02
6.728964000000000389e+00 4.072975000000000206e-02 3.788993000000000222e-02
6.735401999999999667e+00 9.290553999999999479e-03 1.511234000000000015e-02
6.741839999999999833e+00 9.971577000000000565e-04 1.132147000000000014e-02
6.748277999999999999e+00 6.268168999999999651e-03 1.032497999999999923e-02
6.754715000000000025e+00 8.297588999999999312e-03 1.282777000000000049e-02
6.761152000000000051e+00 2.455079000000000202e-03 1.138342000000000000e-02
6.767589000000000077e+00 1.286335999999999903e-03 1.074980000000000033e-02
6.774024999999999963e+00 2.811174000000000051e-03 1.068405000000000049e-02
6.780460999999999849e+00 7.882269000000000775e-03 1.287233999999999948e-02
6.786896999999999736e+00 3.340589000000000058e-02 3.613496000000000069e-02
6.793332000000000370e+00 1.543445999999999967e-03 1.159011000000000069e-02
6.799765999999999977e+00 2.992073999999999841e-04 1.196273999999999949e-02
6.806200999999999723e+00 2.072735000000000029e-03 1.154998999999999956e-02
6.812634000000000079e+00 8.679114999999999400e-03 1.245243000000000044e-02
6.819067999999999685e+00 1.689063999999999843e-02 2.238387999999999836e-02
6.825501000000000040e+00 3.291468999999999992e-03 1.110758000000000058e-02
6.831934000000000395e+00 3.299946000000000216e-03 1.022863000000000071e-02
6.838365999999999723e+00 1.305622999999999896e-03 1.060924000000000068e-02
6.844797999999999938e+00 7.588347999999999535e-04 1.197098000000000086e-02
6.851230000000000153e+00 5.616106000000000049e-03 1.047178999999999992e-02
6.857661000000000229e+00 7.226144000000000317e-04 1.080523000000000074e-02
6.864092000000000304e+00 7.650660999999999573e-03 1.048469999999999958e-02
6.870522000000000240e+00 2.331128999999999927e-03 1.206489999999999993e-02
6.876952000000000176e+00 5.153859999999999691e-03 1.125248000000000047e-02
6.883382000000000112e+00 1.002163000000000012e-02 1.466401999999999983e-02
6.889810999999999908e+00 1.453004999999999922e-02 1.828025000000000136e-02
6.896239999999999704e+00 1.951949000000000045e-02 2.194236999999999924e-02
6.902668000000000248e+00 5.606953999999999931e-03 1.104962999999999952e-02
6.909095999999999904e+00 4.962982999999999804e-03 9.519259000000000401e-03
6.915523999999999560e+00 1.350980000000000063e-02 1.992000000000000021e-02
6.921950999999999965e+00 2.759162999999999893e-02 3.235495000000000038e-02
6.928378000000000370e+00 7.638033999999999384e-05 9.902378999999999348e-03
6.934804999999999886e+00 8.207766999999999494e-03 1.329355999999999940e-02
6.941231000000000151e+00 1.638342000000000097e-03 1.032629000000000012e-02
6.947657000000000416e+00 6.652798999999999829e-06 1.062885000000000045e-02
6.954081999999999653e+00 2.761604999999999876e-03 8.856848000000000498e-03
6.960506999999999778e+00 7.418643999999999846e-04 1.068921999999999928e-02
6.966930999999999763e+00 9.915359000000000325e-03 1.413771999999999945e-02
6.973354999999999748e+00 1.311343000000000057e-02 1.741826999999999959e-02
6.979778999999999733e+00 4.255265999999999736e-03 1.068393999999999941e-02
6.986201999999999579e+00 9.321683000000000746e-03 1.453371999999999997e-02
6.992625000000000313e+00 7.064723999999999657e-03 1.296014000000000020e-02
6.999048000000000158e+00 4.326232999999999641e-03 1.126750999999999968e-02
